0.00000,0.001534
0.00290,0.001515
0.00580,0.001468
0.00871,0.001416
0.01161,0.001398
0.01451,0.001440
0.01741,0.001537
0.02032,0.001652
0.02322,0.001738
0.02612,0.001762
0.02902,0.001714
0.03193,0.001614
0.03483,0.001495
0.03773,0.001393
0.04063,0.001338
0.04354,0.001338
0.04644,0.001379
0.04934,0.001435
0.05224,0.001484
0.05515,0.001513
0.05805,0.001518
0.06095,0.001507
0.06385,0.001507
0.06676,0.001546
0.06966,0.001629
0.07256,0.001734
0.07546,0.001823
0.07837,0.001866
0.08127,0.001852
0.08417,0.001788
0.08707,0.001696
0.08998,0.001606
0.09288,0.001548
0.09578,0.001539
0.09868,0.001574
0.10159,0.001635
0.10449,0.001704
0.10739,0.001771
0.11029,0.001829
0.11320,0.001869
0.11610,0.001882
0.11900,0.001860
0.12190,0.001800
0.12481,0.001712
0.12771,0.001618
0.13061,0.001541
0.13351,0.001499
0.13642,0.001495
0.13932,0.001524
0.14222,0.001568
0.14512,0.001604
0.14803,0.001610
0.15093,0.001579
0.15383,0.001514
0.15673,0.001429
0.15964,0.001340
0.16254,0.001266
0.16544,0.001230
0.16834,0.001250
0.17125,0.001333
0.17415,0.001472
0.17705,0.001647
0.17995,0.001834
0.18286,0.001999
0.18576,0.002111
0.18866,0.002150
0.19156,0.002121
0.19447,0.002047
0.19737,0.001961
0.20027,0.001888
0.20317,0.001838
0.20608,0.001802
0.20898,0.001764
0.21188,0.001708
0.21478,0.001628
0.21769,0.001538
0.22059,0.001460
0.22349,0.001415
0.22639,0.001404
0.22930,0.001409
0.23220,0.001409
0.23510,0.001386
0.23800,0.001333
0.24091,0.001262
0.24381,0.001196
0.24671,0.001156
0.24961,0.001151
0.25252,0.001175
0.25542,0.001211
0.25832,0.001246
0.26122,0.001280
0.26413,0.001327
0.26703,0.001411
0.26993,0.001548
0.27283,0.001728
0.27574,0.001918
0.27864,0.002087
0.28154,0.002210
0.28444,0.002277
0.28735,0.002294
0.29025,0.002277
0.29315,0.002244
0.29605,0.002209
0.29896,0.002173
0.30186,0.002133
0.30476,0.002085
0.30766,0.002032
0.31057,0.001985
0.31347,0.001952
0.31637,0.001937
0.31927,0.001938
0.32218,0.001948
0.32508,0.001959
0.32798,0.001964
0.33088,0.001961
0.33379,0.001951
0.33669,0.001937
0.33959,0.001921
0.34249,0.001908
0.34540,0.001902
0.34830,0.001898
0.35120,0.001889
0.35410,0.001860
0.35701,0.001808
0.35991,0.001740
0.36281,0.001672
0.36571,0.001626
0.36862,0.001614
0.37152,0.001632
0.37442,0.001661
0.37732,0.001679
0.38023,0.001666
0.38313,0.001619
0.38603,0.001549
0.38893,0.001483
0.39184,0.001446
0.39474,0.001445
0.39764,0.001468
0.40054,0.001488
0.40345,0.001486
0.40635,0.001456
0.40925,0.001401
0.41215,0.001327
0.41506,0.001243
0.41796,0.001166
0.42086,0.001115
0.42376,0.001107
0.42667,0.001144
0.42957,0.001215
0.43247,0.001296
0.43537,0.001365
0.43828,0.001408
0.44118,0.001420
0.44408,0.001414
0.44698,0.001410
0.44989,0.001428
0.45279,0.001476
0.45569,0.001544
0.45859,0.001611
0.46150,0.001654
0.46440,0.001657
0.46730,0.001616
0.47020,0.001545
0.47311,0.001475
0.47601,0.001451
0.47891,0.001499
0.48181,0.001607
0.48472,0.001730
0.48762,0.001823
0.49052,0.001861
0.49342,0.001836
0.49633,0.001761
0.49923,0.001668
0.50213,0.001601
0.50503,0.001589
0.50794,0.001630
0.51084,0.001692
0.51374,0.001749
0.51664,0.001792
0.51955,0.001832
0.52245,0.001889
0.52535,0.001987
0.52825,0.002133
0.53116,0.002312
0.53406,0.002498
0.53696,0.002657
0.53986,0.002764
0.54277,0.002807
0.54567,0.002788
0.54857,0.002724
0.55147,0.002635
0.55438,0.002544
0.55728,0.002464
0.56018,0.002402
0.56308,0.002355
0.56599,0.002320
0.56889,0.002301
0.57179,0.002305
0.57469,0.002339
0.57760,0.002399
0.58050,0.002470
0.58340,0.002524
0.58630,0.002536
0.58921,0.002497
0.59211,0.002414
0.59501,0.002306
0.59791,0.002200
0.60082,0.002114
0.60372,0.002051
0.60662,0.002001
0.60952,0.001953
0.61243,0.001903
0.61533,0.001860
0.61823,0.001836
0.62113,0.001840
0.62404,0.001866
0.62694,0.001901
0.62984,0.001930
0.63274,0.001944
0.63565,0.001944
0.63855,0.001940
0.64145,0.001943
0.64435,0.001959
0.64726,0.001982
0.65016,0.001999
0.65306,0.002002
0.65596,0.001990
0.65887,0.001969
0.66177,0.001950
0.66467,0.001942
0.66757,0.001948
0.67048,0.001965
0.67338,0.001988
0.67628,0.002016
0.67918,0.002048
0.68209,0.002088
0.68499,0.002134
0.68789,0.002179
0.69079,0.002210
0.69370,0.002219
0.69660,0.002207
0.69950,0.002187
0.70240,0.002176
0.70531,0.002185
0.70821,0.002210
0.71111,0.002235
0.71401,0.002243
0.71692,0.002228
0.71982,0.002195
0.72272,0.002159
0.72562,0.002137
0.72853,0.002139
0.73143,0.002160
0.73433,0.002188
0.73723,0.002208
0.74014,0.002211
0.74304,0.002194
0.74594,0.002168
0.74884,0.002142
0.75175,0.002117
0.75465,0.002089
0.75755,0.002048
0.76045,0.001992
0.76336,0.001927
0.76626,0.001868
0.76916,0.001841
0.77206,0.001859
0.77497,0.001919
0.77787,0.002000
0.78077,0.002082
0.78367,0.002147
0.78658,0.002183
0.78948,0.002187
0.79238,0.002167
0.79528,0.002134
0.79819,0.002104
0.80109,0.002089
0.80399,0.002094
0.80689,0.002114
0.80980,0.002132
0.81270,0.002125
0.81560,0.002082
0.81850,0.002009
0.82141,0.001925
0.82431,0.001848
0.82721,0.001788
0.83011,0.001746
0.83302,0.001719
0.83592,0.001706
0.83882,0.001714
0.84172,0.001758
0.84463,0.001852
0.84753,0.001994
0.85043,0.002165
0.85333,0.002343
0.85624,0.002516
0.85914,0.002685
0.86204,0.002853
0.86494,0.003016
0.86785,0.003179
0.87075,0.003358
0.87365,0.003583
0.87655,0.003882
0.87946,0.004263
0.88236,0.004710
0.88526,0.005188
0.88816,0.005666
0.89107,0.006138
0.89397,0.006614
0.89687,0.007093
0.89977,0.007538
0.90268,0.007911
0.90558,0.008195
0.90848,0.008415
0.91138,0.008616
0.91429,0.008869
0.91719,0.009246
0.92009,0.009781
0.92299,0.010453
0.92590,0.011224
0.92880,0.012041
0.93170,0.012845
0.93460,0.013599
0.93751,0.014305
0.94041,0.014989
0.94331,0.015673
0.94621,0.016343
0.94912,0.016949
0.95202,0.017438
0.95492,0.017811
0.95782,0.018149
0.96073,0.018586
0.96363,0.019270
0.96653,0.020302
0.96943,0.021668
0.97234,0.023228
0.97524,0.024756
0.97814,0.026023
0.98104,0.026882
0.98395,0.027337
0.98685,0.027510
0.98975,0.027569
0.99265,0.027646
0.99556,0.027775
0.99846,0.027921
1.00136,0.028097
1.00426,0.028446
1.00717,0.029165
1.01007,0.030384
1.01297,0.032107
1.01587,0.034178
1.01878,0.036262
1.02168,0.037916
1.02458,0.038844
1.02748,0.039134
1.03039,0.039156
1.03329,0.039360
1.03619,0.040047
1.03909,0.041269
1.04200,0.042862
1.04490,0.044525
1.04780,0.045972
1.05070,0.047063
1.05361,0.047898
1.05651,0.048744
1.05941,0.049833
1.06231,0.051187
1.06522,0.052638
1.06812,0.053940
1.07102,0.054863
1.07392,0.055348
1.07683,0.055595
1.07973,0.055979
1.08263,0.056906
1.08553,0.058643
1.08844,0.061193
1.09134,0.064288
1.09424,0.067553
1.09714,0.070572
1.10005,0.072920
1.10295,0.074404
1.10585,0.075300
1.10875,0.076191
1.11166,0.077527
1.11456,0.079367
1.11746,0.081468
1.12036,0.083490
1.12327,0.085216
1.12617,0.086614
1.12907,0.087759
1.13197,0.088764
1.13488,0.089717
1.13778,0.090668
1.14068,0.091626
1.14358,0.092605
1.14649,0.093541
1.14939,0.094298
1.15229,0.094797
1.15519,0.095015
1.15810,0.094828
1.16100,0.093962
1.16390,0.092363
1.16680,0.090535
1.16971,0.089275
1.17261,0.089203
1.17551,0.090406
1.17841,0.092362
1.18132,0.094241
1.18422,0.095449
1.18712,0.095980
1.19002,0.096359
1.19293,0.097298
1.19583,0.099126
1.19873,0.101479
1.20163,0.103591
1.20454,0.104794
1.20744,0.104826
1.21034,0.103810
1.21324,0.102061
1.21615,0.100004
1.21905,0.098069
1.22195,0.096557
1.22485,0.095517
1.22776,0.094755
1.23066,0.093977
1.23356,0.093043
1.23646,0.092046
1.23937,0.091228
1.24227,0.090829
1.24517,0.090948
1.24807,0.091471
1.25098,0.092134
1.25388,0.092685
1.25678,0.092913
1.25968,0.092640
1.26259,0.091689
1.26549,0.089839
1.26839,0.086885
1.27129,0.082827
1.27420,0.078078
1.27710,0.073334
1.28000,0.069111
1.28290,0.065500
1.28580,0.062275
1.28871,0.059134
1.29161,0.055894
1.29451,0.052582
1.29741,0.049395
1.30032,0.046543
1.30322,0.044120
1.30612,0.042047
1.30902,0.040087
1.31193,0.037904
1.31483,0.035222
1.31773,0.032012
1.32063,0.028550
1.32354,0.025274
1.32644,0.022546
1.32934,0.020458
1.33224,0.018799
1.33515,0.017255
1.33805,0.015634
1.34095,0.013917
1.34385,0.012194
1.34676,0.010601
1.34966,0.009261
1.35256,0.008225
1.35546,0.007447
1.35837,0.006843
1.36127,0.006389
1.36417,0.006124
1.36707,0.006108
1.36998,0.006400
1.37288,0.007055
1.37578,0.008104
1.37868,0.009675
1.38159,0.011970
1.38449,0.015016
1.38739,0.018610
1.39029,0.022403
1.39320,0.026024
1.39610,0.029141
1.39900,0.031482
1.40190,0.032858
1.40481,0.033258
1.40771,0.032962
1.41061,0.032486
1.41351,0.032343
1.41642,0.032825
1.41932,0.033976
1.42222,0.035691
1.42512,0.037833
1.42803,0.040267
1.43093,0.042842
1.43383,0.045416
1.43673,0.047842
1.43964,0.049942
1.44254,0.051551
1.44544,0.052621
1.44834,0.053322
1.45125,0.054059
1.45415,0.055366
1.45705,0.057576
1.45995,0.060549
1.46286,0.063699
1.46576,0.066250
1.46866,0.067551
1.47156,0.067529
1.47447,0.067196
1.47737,0.068603
1.48027,0.073576
1.48317,0.082423
1.48608,0.094035
1.48898,0.106774
1.49188,0.119277
1.49478,0.130748
1.49769,0.140958
1.50059,0.150064
1.50349,0.158384
1.50639,0.166214
1.50930,0.173690
1.51220,0.181249
1.51510,0.190035
1.51800,0.201256
1.52091,0.215480
1.52381,0.231768
1.52671,0.246881
1.52961,0.256133
1.53252,0.255825
1.53542,0.246723
1.53832,0.233174
1.54122,0.219935
1.54413,0.210545
1.54703,0.207188
1.54993,0.210849
1.55283,0.221249
1.55574,0.236813
1.55864,0.254728
1.56154,0.271316
1.56444,0.283593
1.56735,0.291590
1.57025,0.298516
1.57315,0.308196
1.57605,0.322334
1.57896,0.339862
1.58186,0.358252
1.58476,0.375501
1.58766,0.391629
1.59057,0.408524
1.59347,0.427467
1.59637,0.446972
1.59927,0.463674
1.60218,0.475363
1.60508,0.482532
1.60798,0.487928
1.61088,0.494759
1.61379,0.505179
1.61669,0.519800
1.61959,0.537772
1.62249,0.557330
1.62540,0.576725
1.62830,0.595010
1.63120,0.612108
1.63410,0.628150
1.63701,0.642976
1.63991,0.656621
1.64281,0.669040
1.64571,0.679291
1.64862,0.685367
1.65152,0.685733
1.65442,0.680546
1.65732,0.671796
1.66023,0.661793
1.66313,0.652212
1.66603,0.644046
1.66893,0.638060
1.67184,0.634635
1.67474,0.633759
1.67764,0.635044
1.68054,0.637741
1.68345,0.640943
1.68635,0.643769
1.68925,0.645748
1.69215,0.646814
1.69506,0.647357
1.69796,0.647888
1.70086,0.648617
1.70376,0.649197
1.70667,0.649125
1.70957,0.648132
1.71247,0.645883
1.71537,0.641677
1.71828,0.634996
1.72118,0.626116
1.72408,0.616031
1.72698,0.606200
1.72989,0.598310
1.73279,0.593727
1.73569,0.592686
1.73859,0.594379
1.74150,0.597612
1.74440,0.601163
1.74730,0.604191
1.75020,0.606342
1.75311,0.607573
1.75601,0.607768
1.75891,0.606370
1.76181,0.602487
1.76472,0.595141
1.76762,0.583947
1.77052,0.569721
1.77342,0.554606
1.77633,0.541424
1.77923,0.532694
1.78213,0.529534
1.78503,0.531177
1.78794,0.535322
1.79084,0.539051
1.79374,0.540112
1.79664,0.537733
1.79955,0.532616
1.80245,0.525868
1.80535,0.518079
1.80825,0.508830
1.81116,0.496813
1.81406,0.480163
1.81696,0.457250
1.81986,0.427590
1.82277,0.392125
1.82567,0.353073
1.82857,0.313645
1.83147,0.277957
1.83438,0.250861
1.83728,0.237451
1.84018,0.241050
1.84308,0.260685
1.84599,0.291191
1.84889,0.326411
1.85179,0.361375
1.85469,0.392457
1.85760,0.417334
1.86050,0.435089
1.86340,0.446446
1.86630,0.453550
1.86921,0.459244
1.87211,0.465962
1.87501,0.474856
1.87791,0.485585
1.88082,0.497105
1.88372,0.508411
1.88662,0.518176
1.88952,0.524366
1.89243,0.524608
1.89533,0.516582
1.89823,0.498654
1.90113,0.470815
1.90404,0.435267
1.90694,0.395946
1.90984,0.358229
1.91274,0.327537
1.91565,0.306611
1.91855,0.293699
1.92145,0.284197
1.92435,0.274177
1.92726,0.261427
1.93016,0.245419
1.93306,0.227622
1.93596,0.211969
1.93887,0.204326
1.94177,0.209240
1.94467,0.226148
1.94757,0.249878
1.95048,0.274338
1.95338,0.295143
1.95628,0.310313
1.95918,0.320093
1.96209,0.326277
1.96499,0.331246
1.96789,0.337138
1.97079,0.345214
1.97370,0.355146
1.97660,0.365364
1.97950,0.374547
1.98240,0.383000
1.98531,0.391860
1.98821,0.401794
1.99111,0.412669
1.99401,0.423959
1.99692,0.435000
1.99982,0.445080
2.00272,0.453579
2.00562,0.459994
2.00853,0.463906
2.01143,0.465163
2.01433,0.463986
2.01723,0.460579
2.02014,0.454977
2.02304,0.446950
2.02594,0.436287
2.02884,0.423235
2.03175,0.408810
2.03465,0.394024
2.03755,0.379304
2.04045,0.364757
2.04336,0.350749
2.04626,0.337689
2.04916,0.325627
2.05206,0.314114
2.05497,0.302330
2.05787,0.289558
2.06077,0.275806
2.06367,0.262002
2.06658,0.249589
2.06948,0.239756
2.07238,0.232635
2.07528,0.227300
2.07819,0.222387
2.08109,0.217114
2.08399,0.211720
2.08689,0.207199
2.08980,0.204688
2.09270,0.204782
2.09560,0.207085
2.09850,0.210359
2.10141,0.213207
2.10431,0.214683
2.10721,0.214400
2.11011,0.212309
2.11302,0.209020
2.11592,0.206650
2.11882,0.209272
2.12172,0.221714
2.12463,0.246257
2.12753,0.280799
2.13043,0.320530
2.13333,0.360527
2.13624,0.396860
2.13914,0.426656
2.14204,0.448370
2.14494,0.462104
2.14785,0.469644
2.15075,0.473550
2.15365,0.476006
2.15655,0.477979
2.15946,0.479242
2.16236,0.478900
2.16526,0.476287
2.16816,0.471590
2.17107,0.465655
2.17397,0.459350
2.17687,0.453070
2.17977,0.446600
2.18268,0.439049
2.18558,0.429043
2.18848,0.414863
2.19138,0.394760
2.19429,0.367450
2.19719,0.332523
2.20009,0.290718
2.20299,0.243991
2.20590,0.195401
2.20880,0.148565
2.21170,0.107162
2.21460,0.074370
2.21751,0.051952
2.22041,0.038833
2.22331,0.031155
2.22621,0.025898
2.22912,0.022422
2.23202,0.020734
2.23492,0.020209
2.23782,0.020188
2.24073,0.020421
2.24363,0.020956
2.24653,0.021948
2.24943,0.023407
2.25234,0.025165
2.25524,0.026968
2.25814,0.028928
2.26104,0.031744
2.26395,0.036330
2.26685,0.043397
2.26975,0.054226
2.27265,0.071745
2.27556,0.098688
2.27846,0.135038
2.28136,0.178397
2.28426,0.225066
2.28717,0.270693
2.29007,0.311189
2.29297,0.343696
2.29587,0.367367
2.29878,0.383404
2.30168,0.394170
2.30458,0.402042
2.30748,0.408387
2.31039,0.413006
2.31329,0.414393
2.31619,0.410737
2.31909,0.400852
2.32200,0.384356
2.32490,0.361453
2.32780,0.332990
2.33070,0.300559
2.33361,0.266418
2.33651,0.233114
2.33941,0.203071
2.34231,0.178296
2.34522,0.160174
2.34812,0.149303
2.35102,0.145571
2.35392,0.148401
2.35683,0.156833
2.35973,0.169365
2.36263,0.183810
2.36553,0.197524
2.36844,0.208054
2.37134,0.213741
2.37424,0.213998
2.37714,0.209307
2.38005,0.200846
2.38295,0.190117
2.38585,0.178696
2.38875,0.168036
2.39166,0.159167
2.39456,0.152997
2.39746,0.150689
2.40036,0.153178
2.40327,0.160061
2.40617,0.169312
2.40907,0.178341
2.41197,0.185115
2.41488,0.188684
2.41778,0.189204
2.42068,0.187487
2.42358,0.184557
2.42649,0.181594
2.42939,0.179895
2.43229,0.180655
2.43519,0.184674
2.43810,0.192427
2.44100,0.203709
2.44390,0.217412
2.44680,0.231945
2.44971,0.245785
2.45261,0.257634
2.45551,0.266313
2.45841,0.270754
2.46132,0.270058
2.46422,0.263746
2.46712,0.252174
2.47002,0.236800
2.47293,0.219945
2.47583,0.204254
2.47873,0.192024
2.48163,0.184309
2.48454,0.180199
2.48744,0.177558
2.49034,0.174542
2.49324,0.170279
2.49615,0.164771
2.49905,0.158730
2.50195,0.153941
2.50485,0.153860
2.50776,0.163121
2.51066,0.185131
2.51356,0.219802
2.51646,0.264193
2.51937,0.314138
2.52227,0.365405
2.52517,0.414582
2.52807,0.459472
2.53098,0.499187
2.53388,0.533177
2.53678,0.560251
2.53968,0.579762
2.54259,0.592673
2.54549,0.601398
2.54839,0.608758
2.55129,0.616831
2.55420,0.626661
2.55710,0.637716
2.56000,0.646938
2.56290,0.649307
2.56580,0.641734
2.56871,0.626849
2.57161,0.610797
2.57451,0.598728
2.57741,0.592458
2.58032,0.591243
2.58322,0.592522
2.58612,0.592339
2.58902,0.587609
2.59193,0.578510
2.59483,0.567988
2.59773,0.559392
2.60063,0.554526
2.60354,0.552931
2.60644,0.552668
2.60934,0.551634
2.61224,0.548675
2.61515,0.543987
2.61805,0.538471
2.62095,0.532970
2.62385,0.527764
2.62676,0.522331
2.62966,0.515456
2.63256,0.505540
2.63546,0.491234
2.63837,0.472285
2.64127,0.449721
2.64417,0.424703
2.64707,0.397788
2.64998,0.369127
2.65288,0.339219
2.65578,0.309261
2.65868,0.280828
2.66159,0.255358
2.66449,0.233940
2.66739,0.217286
2.67029,0.205761
2.67320,0.199204
2.67610,0.196738
2.67900,0.196991
2.68190,0.198533
2.68481,0.200129
2.68771,0.200770
2.69061,0.199678
2.69351,0.196354
2.69642,0.190674
2.69932,0.182899
2.70222,0.173496
2.70512,0.162946
2.70803,0.151805
2.71093,0.141373
2.71383,0.134941
2.71673,0.137810
2.71964,0.153950
2.72254,0.182390
2.72544,0.218533
2.72834,0.257140
2.73125,0.293859
2.73415,0.325750
2.73705,0.351380
2.73995,0.370532
2.74286,0.383613
2.74576,0.390997
2.74866,0.392401
2.75156,0.387018
2.75447,0.374429
2.75737,0.355197
2.76027,0.330401
2.76317,0.300990
2.76608,0.267650
2.76898,0.231168
2.77188,0.192787
2.77478,0.154347
2.77769,0.118233
2.78059,0.086841
2.78349,0.061902
2.78639,0.044163
2.78930,0.033041
2.79220,0.026682
2.79510,0.023197
2.79800,0.021627
2.80091,0.021697
2.80381,0.023355
2.80671,0.026627
2.80961,0.031655
2.81252,0.038338
2.81542,0.046166
2.81832,0.054278
2.82122,0.062424
2.82413,0.072904
2.82703,0.090735
2.82993,0.120133
2.83283,0.161040
2.83574,0.210059
2.83864,0.262562
2.84154,0.314160
2.84444,0.361509
2.84735,0.402123
2.85025,0.433937
2.85315,0.455839
2.85605,0.468475
2.85896,0.474058
2.86186,0.475325
2.86476,0.474337
2.86766,0.472127
2.87057,0.469049
2.87347,0.465174
2.87637,0.460389
2.87927,0.454627
2.88218,0.448162
2.88508,0.441780
2.88798,0.436514
2.89088,0.433337
2.89379,0.432626
2.89669,0.433685
2.89959,0.435203
2.90249,0.436320
2.90540,0.437074
2.90830,0.437556
2.91120,0.437374
2.91410,0.435987
2.91701,0.433561
2.91991,0.431132
2.92281,0.430105
2.92571,0.431438
2.92862,0.435174
2.93152,0.440363
2.93442,0.445402
2.93732,0.448641
2.94023,0.449257
2.94313,0.447821
2.94603,0.445445
2.94893,0.442662
2.95184,0.439261
2.95474,0.434945
2.95764,0.429446
2.96054,0.422496
2.96345,0.413832
2.96635,0.403239
2.96925,0.390344
2.97215,0.374415
2.97506,0.354739
2.97796,0.331368
2.98086,0.305935
2.98376,0.281847
2.98667,0.264001
2.98957,0.257285
2.99247,0.263543
2.99537,0.279726
2.99828,0.299350
3.00118,0.315905
3.00408,0.325795
3.00698,0.329565
3.00989,0.330715
3.01279,0.333641
3.01569,0.341512
3.01859,0.354255
3.02150,0.368278
3.02440,0.379237
3.02730,0.385169
3.03020,0.386943
3.03311,0.386526
3.03601,0.385417
3.03891,0.384176
3.04181,0.382492
3.04472,0.379812
3.04762,0.375900
3.05052,0.371046
3.05342,0.365884
3.05633,0.360981
3.05923,0.356509
3.06213,0.352244
3.06503,0.348079
3.06794,0.344437
3.07084,0.342165
3.07374,0.342382
3.07664,0.345984
3.07955,0.352700
3.08245,0.360738
3.08535,0.367554
3.08825,0.371168
3.09116,0.370703
3.09406,0.366265
3.09696,0.358443
3.09986,0.347900
3.10277,0.335641
3.10567,0.323249
3.10857,0.312466
3.11147,0.304785
3.11438,0.301293
3.11728,0.302465
3.12018,0.307716
3.12308,0.314675
3.12599,0.319961
3.12889,0.320412
3.13179,0.313888
3.13469,0.299552
3.13760,0.278143
3.14050,0.252012
3.14340,0.224785
3.14630,0.200577
3.14921,0.182553
3.15211,0.171422
3.15501,0.165342
3.15791,0.161325
3.16082,0.156858
3.16372,0.150696
3.16662,0.142666
3.16952,0.133530
3.17243,0.124364
3.17533,0.115863
3.17823,0.108169
3.18113,0.101294
3.18404,0.095804
3.18694,0.093878
3.18984,0.099343
3.19274,0.114815
3.19565,0.139075
3.19855,0.168202
3.20145,0.197763
3.20435,0.223957
3.20726,0.244224
3.21016,0.257538
3.21306,0.264321
3.21596,0.266083
3.21887,0.264901
3.22177,0.262731
3.22467,0.260823
3.22757,0.259591
3.23048,0.258920
3.23338,0.258599
3.23628,0.258453
3.23918,0.258305
3.24209,0.257884
3.24499,0.256826
3.24789,0.254798
3.25079,0.251819
3.25370,0.248526
3.25660,0.246004
3.25950,0.245330
3.26240,0.247057
3.26531,0.250946
3.26821,0.255932
3.27111,0.260584
3.27401,0.263899
3.27692,0.265786
3.27982,0.266800
3.28272,0.267473
3.28562,0.268075
3.28853,0.268616
3.29143,0.269109
3.29433,0.269870
3.29723,0.271551
3.30014,0.274729
3.30304,0.279578
3.30594,0.285780
3.30884,0.292591
3.31175,0.299013
3.31465,0.304215
3.31755,0.308061
3.32045,0.311232
3.32336,0.314887
3.32626,0.319973
3.32916,0.326757
3.33206,0.334730
3.33497,0.342857
3.33787,0.350195
3.34077,0.356420
3.34367,0.361953
3.34658,0.367641
3.34948,0.374266
3.35238,0.381965
3.35528,0.390007
3.35819,0.397159
3.36109,0.402302
3.36399,0.405155
3.36689,0.406291
3.36980,0.406565
3.37270,0.406447
3.37560,0.405899
3.37850,0.404653
3.38141,0.402829
3.38431,0.401551
3.38721,0.402949
3.39011,0.409124
3.39302,0.420974
3.39592,0.437741
3.39882,0.457276
3.40172,0.476790
3.40463,0.493666
3.40753,0.506490
3.41043,0.515839
3.41333,0.523632
3.41624,0.531639
3.41914,0.540263
3.42204,0.548303
3.42494,0.553116
3.42785,0.551496
3.43075,0.540928
3.43365,0.520440
3.43655,0.490621
3.43946,0.452881
3.44236,0.408923
3.44526,0.360602
3.44816,0.310291
3.45107,0.261613
3.45397,0.220758
3.45687,0.196776
3.45977,0.196777
3.46268,0.218303
3.46558,0.252479
3.46848,0.292127
3.47138,0.333955
3.47429,0.377060
3.47719,0.421117
3.48009,0.464795
3.48299,0.504928
3.48590,0.537408
3.48880,0.558090
3.49170,0.563934
3.49460,0.554913
3.49751,0.535398
3.50041,0.513182
3.50331,0.495933
3.50621,0.487456
3.50912,0.485679
3.51202,0.483984
3.51492,0.474956
3.51782,0.453633
3.52073,0.419844
3.52363,0.377721
3.52653,0.331619
3.52943,0.285467
3.53234,0.242430
3.53524,0.205176
3.53814,0.175537
3.54104,0.154450
3.54395,0.142178
3.54685,0.138937
3.54975,0.144882
3.55265,0.159394
3.55556,0.180907
3.55846,0.206499
3.56136,0.231029
3.56426,0.248817
3.56717,0.258380
3.57007,0.262853
3.57297,0.266096
3.57587,0.270458
3.57878,0.277133
3.58168,0.286425
3.58458,0.297516
3.58748,0.308890
3.59039,0.319538
3.59329,0.329028
3.59619,0.336709
3.59909,0.341852
3.60200,0.344435
3.60490,0.345158
3.60780,0.345192
3.61070,0.345686
3.61361,0.347394
3.61651,0.350533
3.61941,0.354819
3.62231,0.359586
3.62522,0.364011
3.62812,0.367509
3.63102,0.369673
3.63392,0.369791
3.63683,0.366772
3.63973,0.359973
3.64263,0.349610
3.64553,0.336625
3.64844,0.322350
3.65134,0.308635
3.65424,0.297657
3.65714,0.291189
3.66005,0.289542
3.66295,0.291655
3.66585,0.296041
3.66875,0.301896
3.67166,0.309378
3.67456,0.319320
3.67746,0.332682
3.68036,0.349929
3.68327,0.370644
3.68617,0.393538
3.68907,0.416899
3.69197,0.439040
3.69488,0.458789
3.69778,0.475304
3.70068,0.487608
3.70358,0.494519
3.70649,0.495581
3.70939,0.491809
3.71229,0.484970
3.71519,0.476574
3.71810,0.467732
3.72100,0.459116
3.72390,0.450504
3.72680,0.440777
3.72971,0.428639
3.73261,0.413539
3.73551,0.396079
3.73841,0.377906
3.74132,0.361358
3.74422,0.348707
3.74712,0.341415
3.75002,0.339394
3.75293,0.341019
3.75583,0.344027
3.75873,0.346666
3.76163,0.348437
3.76454,0.349942
3.76744,0.352296
3.77034,0.356452
3.77324,0.362882
3.77615,0.371498
3.77905,0.381921
3.78195,0.393605
3.78485,0.406001
3.78776,0.418499
3.79066,0.430254
3.79356,0.440260
3.79646,0.447588
3.79937,0.451946
3.80227,0.453741
3.80517,0.453743
3.80807,0.452577
3.81098,0.450562
3.81388,0.447691
3.81678,0.443853
3.81968,0.439094
3.82259,0.433522
3.82549,0.427217
3.82839,0.420237
3.83129,0.412883
3.83420,0.405503
3.83710,0.398385
3.84000,0.391805
3.84290,0.386075
3.84580,0.381674
3.84871,0.379162
3.85161,0.378997
3.85451,0.381158
3.85741,0.385010
3.86032,0.389384
3.86322,0.392952
3.86612,0.394670
3.86902,0.394040
3.87193,0.391014
3.87483,0.385640
3.87773,0.377857
3.88063,0.367289
3.88354,0.353531
3.88644,0.336386
3.88934,0.316008
3.89224,0.293086
3.89515,0.268949
3.89805,0.245623
3.90095,0.225615
3.90385,0.211571
3.90676,0.205279
3.90966,0.206624
3.91256,0.213566
3.91546,0.223332
3.91837,0.233424
3.92127,0.242233
3.92417,0.249432
3.92707,0.255968
3.92998,0.263408
3.93288,0.272879
3.93578,0.284068
3.93868,0.294917
3.94159,0.302379
3.94449,0.303607
3.94739,0.296831
3.95029,0.281554
3.95320,0.258842
3.95610,0.231442
3.95900,0.202876
3.96190,0.176041
3.96481,0.152956
3.96771,0.136732
3.97061,0.133579
3.97351,0.149292
3.97642,0.182173
3.97932,0.224372
3.98222,0.268275
3.98512,0.308739
3.98803,0.342602
3.99093,0.367965
3.99383,0.384296
3.99673,0.392516
3.99964,0.394726
4.00254,0.393522
4.00544,0.391077
4.00834,0.388722
4.01125,0.387132
4.01415,0.386600
4.01705,0.386971
4.01995,0.387823
4.02286,0.388579
4.02576,0.388727
4.02866,0.388073
4.03156,0.387082
4.03447,0.386335
4.03737,0.386049
4.04027,0.386216
4.04317,0.387080
4.04608,0.389014
4.04898,0.392233
4.05188,0.396679
4.05478,0.401988
4.05769,0.407660
4.06059,0.413433
4.06349,0.419505
4.06639,0.426128
4.06930,0.433108
4.07220,0.439545
4.07510,0.444367
4.07800,0.447020
4.08091,0.447996
4.08381,0.448563
4.08671,0.450001
4.08961,0.452964
4.09252,0.457262
4.09542,0.462014
4.09832,0.466086
4.10122,0.468815
4.10413,0.470388
4.10703,0.471607
4.10993,0.473116
4.11283,0.474984
4.11574,0.476689
4.11864,0.477352
4.12154,0.476416
4.12444,0.474145
4.12735,0.471644
4.13025,0.470249
4.13315,0.470900
4.13605,0.473671
4.13896,0.477698
4.14186,0.481674
4.14476,0.484473
4.14766,0.485785
4.15057,0.486057
4.15347,0.486121
4.15637,0.486418
4.15927,0.486762
4.16218,0.486402
4.16508,0.484525
4.16798,0.480911
4.17088,0.475985
4.17379,0.470423
4.17669,0.464592
4.17959,0.458365
4.18249,0.451141
4.18540,0.442278
4.18830,0.431649
4.19120,0.420070
4.19410,0.409266
4.19701,0.401273
4.19991,0.397443
4.20281,0.397599
4.20571,0.400084
4.20862,0.402418
4.21152,0.402411
4.21442,0.399027
4.21732,0.392466
4.22023,0.383761
4.22313,0.374007
4.22603,0.363822
4.22893,0.353081
4.23184,0.341185
4.23474,0.327476
4.23764,0.311748
4.24054,0.294504
4.24345,0.276868
4.24635,0.260286
4.24925,0.246388
4.25215,0.236950
4.25506,0.233335
4.25796,0.235669
4.26086,0.242401
4.26376,0.251078
4.26667,0.259638
4.26957,0.267074
4.27247,0.273291
4.27537,0.278622
4.27828,0.283326
4.28118,0.287053
4.28408,0.289004
4.28698,0.288519
4.28989,0.285596
4.29279,0.281078
4.29569,0.276245
4.29859,0.271963
4.30150,0.268049
4.30440,0.263353
4.30730,0.256405
4.31020,0.246113
4.31311,0.232368
4.31601,0.216545
4.31891,0.201426
4.32181,0.190088
4.32472,0.184204
4.32762,0.183190
4.33052,0.184923
4.33342,0.187244
4.33633,0.188973
4.33923,0.189991
4.34213,0.190913
4.34503,0.192564
4.34794,0.195261
4.35084,0.198629
4.35374,0.201886
4.35664,0.204359
4.35955,0.205586
4.36245,0.205234
4.36535,0.203228
4.36825,0.200058
4.37116,0.196613
4.37406,0.193751
4.37696,0.191827
4.37986,0.190284
4.38277,0.187733
4.38567,0.182636
4.38857,0.174018
4.39147,0.161582
4.39438,0.145583
4.39728,0.126694
4.40018,0.106095
4.40308,0.085562
4.40599,0.067161
4.40889,0.052530
4.41179,0.042697
4.41469,0.039333
4.41760,0.044441
4.42050,0.059027
4.42340,0.085757
4.42630,0.127105
4.42921,0.181605
4.43211,0.244048
4.43501,0.307047
4.43791,0.363030
4.44082,0.406105
4.44372,0.433263
4.44662,0.444519
4.44952,0.442583
4.45243,0.432315
4.45533,0.419595
4.45823,0.409372
4.46113,0.403836
4.46404,0.402291
4.46694,0.402861
4.46984,0.404022
4.47274,0.404715
4.47565,0.404172
4.47855,0.402192
4.48145,0.399457
4.48435,0.397165
4.48726,0.396471
4.49016,0.398020
4.49306,0.401541
4.49596,0.405960
4.49887,0.409899
4.50177,0.412489
4.50467,0.413881
4.50757,0.415127
4.51048,0.417430
4.51338,0.421217
4.51628,0.425798
4.51918,0.429592
4.52209,0.431046
4.52499,0.429516
4.52789,0.425652
4.53079,0.421066
4.53370,0.417308
4.53660,0.414679
4.53950,0.412748
4.54240,0.410983
4.54531,0.409192
4.54821,0.407755
4.55111,0.407119
4.55401,0.407348
4.55692,0.407628
4.55982,0.406195
4.56272,0.401425
4.56562,0.393438
4.56853,0.383750
4.57143,0.373439
4.57433,0.362220
4.57723,0.348231
4.58014,0.328631
4.58304,0.300938
4.58594,0.264538
4.58884,0.222089
4.59175,0.178674
4.59465,0.139148
4.59755,0.106441
4.60045,0.081127
4.60336,0.061887
4.60626,0.047034
4.60916,0.036332
4.61206,0.030506
4.61497,0.028708
4.61787,0.029525
4.62077,0.032531
4.62367,0.037791
4.62658,0.045897
4.62948,0.058298
4.63238,0.077251
4.63528,0.103699
4.63819,0.135684
4.64109,0.170248
4.64399,0.205121
4.64689,0.238592
4.64980,0.269193
4.65270,0.295443
4.65560,0.315564
4.65850,0.327614
4.66141,0.330001
4.66431,0.322307
4.66721,0.305998
4.67011,0.284890
4.67302,0.265172
4.67592,0.253979
4.67882,0.255481
4.68172,0.267711
4.68463,0.284994
4.68753,0.302284
4.69043,0.317065
4.69333,0.329220
4.69624,0.339783
4.69914,0.349836
4.70204,0.359640
4.70494,0.368554
4.70785,0.375802
4.71075,0.381195
4.71365,0.385040
4.71655,0.387796
4.71946,0.389834
4.72236,0.391187
4.72526,0.391534
4.72816,0.390408
4.73107,0.387614
4.73397,0.383365
4.73687,0.378099
4.73977,0.372069
4.74268,0.365244
4.74558,0.357260
4.74848,0.347381
4.75138,0.334859
4.75429,0.319581
4.75719,0.302465
4.76009,0.285290
4.76299,0.270302
4.76590,0.259358
4.76880,0.253074
4.77170,0.250411
4.77460,0.249015
4.77751,0.246347
4.78041,0.240876
4.78331,0.232604
4.78621,0.222909
4.78912,0.214135
4.79202,0.209021
4.79492,0.210255
4.79782,0.219912
4.80073,0.238397
4.80363,0.263604
4.80653,0.291267
4.80943,0.316318
4.81234,0.334179
4.81524,0.341433
4.81814,0.336404
4.82104,0.319739
4.82395,0.294061
4.82685,0.262810
4.82975,0.229430
4.83265,0.196640
4.83556,0.165970
4.83846,0.137903
4.84136,0.112509
4.84426,0.090034
4.84717,0.071132
4.85007,0.056742
4.85297,0.047413
4.85587,0.042435
4.85878,0.040061
4.86168,0.038716
4.86458,0.037601
4.86748,0.036312
4.87039,0.034688
4.87329,0.032901
4.87619,0.031279
4.87909,0.030098
4.88200,0.029430
4.88490,0.029145
4.88780,0.029023
4.89070,0.028920
4.89361,0.028846
4.89651,0.028897
4.89941,0.029134
4.90231,0.029530
4.90522,0.029983
4.90812,0.030322
4.91102,0.030479
4.91392,0.030717
4.91683,0.031495
4.91973,0.033060
4.92263,0.035185
4.92553,0.037377
4.92844,0.039835
4.93134,0.045994
4.93424,0.062943
4.93714,0.094404
4.94005,0.138208
4.94295,0.190143
4.94585,0.245935
4.94875,0.301450
4.95166,0.352889
4.95456,0.397637
4.95746,0.434650
4.96036,0.464227
4.96327,0.487585
4.96617,0.506432
4.96907,0.522414
4.97197,0.536629
4.97488,0.549467
4.97778,0.560665
4.98068,0.569923
4.98358,0.577471
4.98649,0.584135
4.98939,0.590858
4.99229,0.598195
4.99519,0.605822
4.99810,0.612173
5.00100,0.615314
5.00390,0.614581
5.00680,0.611431
5.00971,0.608254
5.01261,0.606855
5.01551,0.607652
5.01841,0.609401
5.02132,0.609607
5.02422,0.606416
5.02712,0.599981
5.03002,0.592080
5.03293,0.584976
5.03583,0.580018
5.03873,0.577075
5.04163,0.574956
5.04454,0.572457
5.04744,0.569210
5.05034,0.565631
5.05324,0.562361
5.05615,0.559956
5.05905,0.558801
5.06195,0.559100
5.06485,0.561089
5.06776,0.564877
5.07066,0.570074
5.07356,0.575850
5.07646,0.581223
5.07937,0.585308
5.08227,0.587746
5.08517,0.588952
5.08807,0.589503
5.09098,0.589739
5.09388,0.589687
5.09678,0.588874
5.09968,0.586524
5.10259,0.582477
5.10549,0.577910
5.10839,0.574615
5.11129,0.573649
5.11420,0.574851
5.11710,0.577511
5.12000,0.581288
5.12290,0.586339
5.12580,0.593053
5.12871,0.601473
5.13161,0.611107
5.13451,0.621377
5.13741,0.632203
5.14032,0.643592
5.14322,0.654956
5.14612,0.664397
5.14902,0.669102
5.15193,0.667320
5.15483,0.660316
5.15773,0.651078
5.16063,0.641698
5.16354,0.632500
5.16644,0.623104
5.16934,0.613414
5.17224,0.603641
5.17515,0.594225
5.17805,0.585349
5.18095,0.576403
5.18385,0.565755
5.18676,0.551268
5.18966,0.531477
5.19256,0.506611
5.19546,0.478332
5.19837,0.448759
5.20127,0.419959
5.20417,0.393722
5.20707,0.371189
5.20998,0.352337
5.21288,0.336293
5.21578,0.322157
5.21868,0.309739
5.22159,0.299327
5.22449,0.290945
5.22739,0.283965
5.23029,0.277577
5.23320,0.271508
5.23610,0.266186
5.23900,0.262757
5.24190,0.262846
5.24481,0.267977
5.24771,0.278325
5.25061,0.292241
5.25351,0.307250
5.25642,0.321778
5.25932,0.336089
5.26222,0.351435
5.26512,0.368434
5.26803,0.385921
5.27093,0.401437
5.27383,0.413053
5.27673,0.421112
5.27964,0.427677
5.28254,0.434781
5.28544,0.443200
5.28834,0.452174
5.29125,0.459836
5.29415,0.464540
5.29705,0.466339
5.29995,0.467152
5.30286,0.469245
5.30576,0.473732
5.30866,0.480091
5.31156,0.486839
5.31447,0.492294
5.31737,0.495563
5.32027,0.496870
5.32317,0.497168
5.32608,0.497264
5.32898,0.497303
5.33188,0.496632
5.33478,0.494213
5.33769,0.489858
5.34059,0.484492
5.34349,0.479757
5.34639,0.476952
5.34930,0.476715
5.35220,0.478539
5.35510,0.480916
5.35800,0.481702
5.36091,0.479541
5.36381,0.475125
5.36671,0.470961
5.36961,0.469639
5.37252,0.472478
5.37542,0.479161
5.37832,0.487841
5.38122,0.495884
5.38413,0.501033
5.38703,0.503155
5.38993,0.504435
5.39283,0.507924
5.39574,0.515622
5.39864,0.527484
5.40154,0.541436
5.40444,0.554134
5.40735,0.562723
5.41025,0.566316
5.41315,0.565772
5.41605,0.562496
5.41896,0.557678
5.42186,0.552392
5.42476,0.547545
5.42766,0.544079
5.43057,0.542974
5.43347,0.544843
5.43637,0.549516
5.43927,0.555900
5.44218,0.562490
5.44508,0.567873
5.44798,0.571151
5.45088,0.571999
5.45379,0.570467
5.45669,0.566871
5.45959,0.561624
5.46249,0.554844
5.46540,0.546180
5.46830,0.534840
5.47120,0.519787
5.47410,0.500063
5.47701,0.474953
5.47991,0.444200
5.48281,0.408253
5.48571,0.368252
5.48862,0.325697
5.49152,0.282111
5.49442,0.238941
5.49732,0.197542
5.50023,0.159290
5.50313,0.125337
5.50603,0.096373
5.50893,0.072872
5.51184,0.055412
5.51474,0.044137
5.51764,0.038039
5.52054,0.035130
5.52345,0.033714
5.52635,0.032771
5.52925,0.031615
5.53215,0.029878
5.53506,0.027756
5.53796,0.025829
5.54086,0.024682
5.54376,0.024684
5.54667,0.025954
5.54957,0.028429
5.55247,0.031977
5.55537,0.036435
5.55828,0.041595
5.56118,0.047171
5.56408,0.052829
5.56698,0.058370
5.56989,0.063864
5.57279,0.069484
5.57569,0.075235
5.57859,0.080867
5.58150,0.085993
5.58440,0.090300
5.58730,0.093697
5.59020,0.096434
5.59311,0.098885
5.59601,0.101089
5.59891,0.102801
5.60181,0.104005
5.60472,0.104962
5.60762,0.106062
5.61052,0.107578
5.61342,0.109583
5.61633,0.111935
5.61923,0.114501
5.62213,0.117396
5.62503,0.121086
5.62794,0.126266
5.63084,0.133297
5.63374,0.141736
5.63664,0.150479
5.63955,0.158305
5.64245,0.164438
5.64535,0.168777
5.64825,0.171641
5.65116,0.173641
5.65406,0.175552
5.65696,0.177788
5.65986,0.179741
5.66277,0.180371
5.66567,0.179074
5.66857,0.176147
5.67147,0.172639
5.67438,0.169777
5.67728,0.168481
5.68018,0.169031
5.68308,0.171106
5.68599,0.174044
5.68889,0.177135
5.69179,0.179801
5.69469,0.181671
5.69760,0.182386
5.70050,0.181476
5.70340,0.178592
5.70630,0.174075
5.70921,0.169034
5.71211,0.164740
5.71501,0.161782
5.71791,0.159760
5.72082,0.157763
5.72372,0.154946
5.72662,0.150971
5.72952,0.145986
5.73243,0.140442
5.73533,0.134832
5.73823,0.129330
5.74113,0.123745
5.74404,0.117734
5.74694,0.110970
5.74984,0.103452
5.75274,0.095783
5.75565,0.089015
5.75855,0.084324
5.76145,0.082622
5.76435,0.084040
5.76726,0.087595
5.77016,0.091561
5.77306,0.094203
5.77596,0.094334
5.77887,0.091574
5.78177,0.086267
5.78467,0.079199
5.78757,0.071200
5.79048,0.062906
5.79338,0.054732
5.79628,0.046967
5.79918,0.039910
5.80209,0.034019
5.80499,0.030280
5.80789,0.032009
5.81079,0.044612
5.81370,0.070452
5.81660,0.106467
5.81950,0.148394
5.82240,0.191923
5.82531,0.232826
5.82821,0.267763
5.83111,0.294730
5.83401,0.313114
5.83692,0.324177
5.83982,0.331234
5.84272,0.338886
5.84562,0.351617
5.84853,0.372456
5.85143,0.402915
5.85433,0.443249
5.85723,0.492983
5.86014,0.550206
5.86304,0.611576
5.86594,0.672929
5.86884,0.729881
5.87175,0.778332
5.87465,0.814759
5.87755,0.836647
5.88045,0.842924
5.88336,0.834708
5.88626,0.815161
5.88916,0.788467
5.89206,0.758624
5.89497,0.728594
5.89787,0.699822
5.90077,0.672635
5.90367,0.646440
5.90658,0.619266
5.90948,0.588700
5.91238,0.553455
5.91528,0.514291
5.91819,0.473355
5.92109,0.433285
5.92399,0.396441
5.92689,0.364352
5.92980,0.337593
5.93270,0.315967
5.93560,0.298992
5.93850,0.286296
5.94141,0.277998
5.94431,0.274760
5.94721,0.277385
5.95011,0.286025
5.95302,0.299950
5.95592,0.317895
5.95882,0.338496
5.96172,0.360656
5.96463,0.383796
5.96753,0.407855
5.97043,0.432781
5.97333,0.457463
5.97624,0.479614
5.97914,0.497127
5.98204,0.509624
5.98494,0.518097
5.98785,0.523766
5.99075,0.527484
5.99365,0.530030
5.99655,0.532282
5.99946,0.535017
6.00236,0.538457
6.00526,0.541999
6.00816,0.544407
6.01107,0.544484
6.01397,0.541640
6.01687,0.536033
6.01977,0.528614
6.02268,0.520572
6.02558,0.513020
6.02848,0.506891
6.03138,0.502910
6.03429,0.500918
6.03719,0.499862
6.04009,0.498765
6.04299,0.497681
6.04590,0.497273
6.04880,0.497932
6.05170,0.499230
6.05460,0.499971
6.05751,0.498892
6.06041,0.495720
6.06331,0.491719
6.06621,0.488997
6.06912,0.489261
6.07202,0.492765
6.07492,0.498477
6.07782,0.504947
6.08073,0.511467
6.08363,0.518120
6.08653,0.525099
6.08943,0.532082
6.09234,0.538128
6.09524,0.541707
6.09814,0.540905
6.10104,0.534254
6.10395,0.521768
6.10685,0.505209
6.10975,0.487281
6.11265,0.470993
6.11556,0.458991
6.11846,0.452716
6.12136,0.451940
6.12426,0.455156
6.12717,0.460658
6.13007,0.467229
6.13297,0.474262
6.13587,0.481312
6.13878,0.487584
6.14168,0.491858
6.14458,0.493196
6.14748,0.491940
6.15039,0.489864
6.15329,0.489439
6.15619,0.492671
6.15909,0.500242
6.16200,0.511023
6.16490,0.522780
6.16780,0.533564
6.17070,0.542566
6.17361,0.549793
6.17651,0.555323
6.17941,0.558904
6.18231,0.559882
6.18522,0.557536
6.18812,0.551432
6.19102,0.541581
6.19392,0.528251
6.19683,0.511344
6.19973,0.490007
6.20263,0.462876
6.20553,0.428883
6.20844,0.387931
6.21134,0.341484
6.21424,0.292692
6.21714,0.245847
6.22005,0.205051
6.22295,0.172545
6.22585,0.147764
6.22875,0.128139
6.23166,0.111011
6.23456,0.095042
6.23746,0.080269
6.24036,0.067330
6.24327,0.056957
6.24617,0.049650
6.24907,0.045665
6.25197,0.045111
6.25488,0.047617
6.25778,0.052122
6.26068,0.057135
6.26358,0.061318
6.26649,0.064355
6.26939,0.068323
6.27229,0.078231
6.27519,0.098774
6.27810,0.130291
6.28100,0.169611
6.28390,0.212411
6.28680,0.254448
6.28971,0.292571
6.29261,0.325313
6.29551,0.352777
6.29841,0.376135
6.30132,0.396905
6.30422,0.416327
6.30712,0.434926
6.31002,0.452396
6.31293,0.467873
6.31583,0.480509
6.31873,0.489939
6.32163,0.496244
6.32454,0.499620
6.32744,0.500661
6.33034,0.500680
6.33324,0.501288
6.33615,0.503551
6.33905,0.507466
6.34195,0.512165
6.34485,0.516170
6.34776,0.517350
6.35066,0.513131
6.35356,0.501799
6.35646,0.483588
6.35937,0.459670
6.36227,0.430704
6.36517,0.397315
6.36807,0.361866
6.37098,0.329363
6.37388,0.306652
6.37678,0.299874
6.37968,0.310772
6.38259,0.335502
6.38549,0.367698
6.38839,0.402078
6.39129,0.435783
6.39420,0.467828
6.39710,0.497831
6.40000,0.525305
6.40290,0.549691
6.40580,0.571138
6.40871,0.590218
6.41161,0.606782
6.41451,0.620041
6.41741,0.629663
6.42032,0.636220
6.42322,0.640631
6.42612,0.643539
6.42902,0.644613
6.43193,0.642386
6.43483,0.634616
6.43773,0.619134
6.44063,0.594449
6.44354,0.559913
6.44644,0.515616
6.44934,0.462600
6.45224,0.403243
6.45515,0.341192
6.45805,0.280680
6.46095,0.225422
6.46385,0.178045
6.46676,0.140079
6.46966,0.112207
6.47256,0.094365
6.47546,0.085267
6.47837,0.081942
6.48127,0.080759
6.48417,0.079062
6.48707,0.075610
6.48998,0.070435
6.49288,0.064426
6.49578,0.058889
6.49868,0.055211
6.50159,0.054270
6.50449,0.055825
6.50739,0.059061
6.51029,0.064056
6.51320,0.073078
6.51610,0.090029
6.51900,0.117516
6.52190,0.154803
6.52481,0.198809
6.52771,0.245937
6.53061,0.293172
6.53351,0.337922
6.53642,0.377087
6.53932,0.407988
6.54222,0.429922
6.54512,0.444577
6.54803,0.454913
6.55093,0.463648
6.55383,0.472680
6.55673,0.482725
6.55964,0.492626
6.56254,0.499423
6.56544,0.500527
6.56834,0.496576
6.57125,0.491078
6.57415,0.487696
6.57705,0.488000
6.57995,0.491472
6.58286,0.496141
6.58576,0.498836
6.58866,0.496966
6.59156,0.490555
6.59447,0.481997
6.59737,0.474310
6.60027,0.469641
6.60317,0.468490
6.60608,0.470105
6.60898,0.473293
6.61188,0.477130
6.61478,0.481301
6.61769,0.485834
6.62059,0.490748
6.62349,0.495952
6.62639,0.501182
6.62930,0.505947
6.63220,0.509277
6.63510,0.509635
6.63800,0.505604
6.64091,0.496756
6.64381,0.483397
6.64671,0.466306
6.64961,0.447316
6.65252,0.429790
6.65542,0.417692
6.65832,0.413454
6.66122,0.416649
6.66413,0.424695
6.66703,0.434503
6.66993,0.443659
6.67283,0.450934
6.67574,0.456219
6.67864,0.460163
6.68154,0.463711
6.68444,0.467642
6.68735,0.472150
6.69025,0.476633
6.69315,0.479992
6.69605,0.481312
6.69896,0.480446
6.70186,0.477899
6.70476,0.474422
6.70766,0.470755
6.71057,0.467612
6.71347,0.465600
6.71637,0.465138
6.71927,0.466365
6.72218,0.469155
6.72508,0.473266
6.72798,0.478330
6.73088,0.483875
6.73379,0.489358
6.73669,0.494146
6.73959,0.497359
6.74249,0.497814
6.74540,0.494287
6.74830,0.485873
6.75120,0.472450
6.75410,0.455281
6.75701,0.436944
6.75991,0.420432
6.76281,0.408221
6.76571,0.401630
6.76862,0.400730
6.77152,0.404642
6.77442,0.411909
6.77732,0.421066
6.78023,0.430919
6.78313,0.439939
6.78603,0.446075
6.78893,0.447443
6.79184,0.443112
6.79474,0.433088
6.79764,0.417824
6.80054,0.397817
6.80345,0.373510
6.80635,0.345547
6.80925,0.315392
6.81215,0.285746
6.81506,0.260368
6.81796,0.243572
6.82086,0.238994
6.82376,0.247377
6.82667,0.265530
6.82957,0.288293
6.83247,0.311100
6.83537,0.330823
6.83828,0.346003
6.84118,0.357199
6.84408,0.366609
6.84698,0.376288
6.84989,0.386511
6.85279,0.396200
6.85569,0.404498
6.85859,0.411716
6.86150,0.418605
6.86440,0.424838
6.86730,0.428632
6.87020,0.427844
6.87311,0.421420
6.87601,0.410042
6.87891,0.395647
6.88181,0.380814
6.88472,0.367987
6.88762,0.358309
6.89052,0.350971
6.89342,0.343826
6.89633,0.334604
6.89923,0.321770
6.90213,0.304804
6.90503,0.283870
6.90794,0.259297
6.91084,0.231726
6.91374,0.202548
6.91664,0.174062
6.91955,0.148781
6.92245,0.128387
6.92535,0.114562
6.92825,0.111343
6.93116,0.124163
6.93406,0.153196
6.93696,0.192016
6.93986,0.232674
6.94277,0.269003
6.94567,0.297444
6.94857,0.316694
6.95147,0.327286
6.95438,0.331428
6.95728,0.332204
6.96018,0.332281
6.96308,0.333002
6.96599,0.334412
6.96889,0.335955
6.97179,0.337076
6.97469,0.337516
6.97760,0.337350
6.98050,0.336912
6.98340,0.336657
6.98630,0.336919
6.98921,0.337632
6.99211,0.338372
6.99501,0.338618
6.99791,0.337882
7.00082,0.336094
7.00372,0.334113
7.00662,0.333517
7.00952,0.335564
7.01243,0.340464
7.01533,0.347489
7.01823,0.355033
7.02113,0.361204
7.02404,0.365076
7.02694,0.367221
7.02984,0.368581
7.03274,0.369634
7.03565,0.370461
7.03855,0.371132
7.04145,0.371914
7.04435,0.373430
7.04726,0.376586
7.05016,0.382012
7.05306,0.389557
7.05596,0.398233
7.05887,0.406646
7.06177,0.413414
7.06467,0.417422
7.06757,0.417529
7.07048,0.412309
7.07338,0.400275
7.07628,0.380432
7.07918,0.352898
7.08209,0.319672
7.08499,0.285033
7.08789,0.255299
7.09079,0.237631
7.09370,0.236684
7.09660,0.250650
7.09950,0.272382
7.10240,0.294454
7.10531,0.312328
7.10821,0.324535
7.11111,0.331491
7.11401,0.334303
7.11692,0.334097
7.11982,0.331886
7.12272,0.328527
7.12562,0.324884
7.12853,0.321799
7.13143,0.320243
7.13433,0.321351
7.13723,0.325658
7.14014,0.332442
7.14304,0.339956
7.14594,0.345859
7.14884,0.347927
7.15175,0.344986
7.15465,0.337630
7.15755,0.328114
7.16045,0.319158
7.16336,0.312873
7.16626,0.310336
7.16916,0.311421
7.17206,0.314982
7.17497,0.319482
7.17787,0.323149
7.18077,0.323987
7.18367,0.320212
7.18658,0.310761
7.18948,0.295591
7.19238,0.275681
7.19528,0.252521
7.19819,0.227619
7.20109,0.202379
7.20399,0.177867
7.20689,0.155087
7.20980,0.136127
7.21270,0.125516
7.21560,0.129219
7.21850,0.149275
7.22141,0.181700
7.22431,0.220772
7.22721,0.261766
7.23011,0.301318
7.23302,0.337623
7.23592,0.370432
7.23882,0.400543
7.24172,0.428988
7.24463,0.456164
7.24753,0.481404
7.25043,0.503395
7.25333,0.521341
7.25624,0.535690
7.25914,0.547886
7.26204,0.559529
7.26494,0.571562
7.26785,0.583650
7.27075,0.594326
7.27365,0.602152
7.27655,0.607014
7.27946,0.610204
7.28236,0.613029
7.28526,0.615872
7.28816,0.617870
7.29107,0.617559
7.29397,0.614055
7.29687,0.607964
7.29977,0.601030
7.30268,0.595113
7.30558,0.591351
7.30848,0.589686
7.31138,0.588854
7.31429,0.586988
7.31719,0.582800
7.32009,0.576414
7.32299,0.569130
7.32590,0.562395
7.32880,0.556976
7.33170,0.552712
7.33460,0.548624
7.33751,0.543576
7.34041,0.537099
7.34331,0.529628
7.34621,0.522074
7.34912,0.515269
7.35202,0.509578
7.35492,0.504757
7.35782,0.500230
7.36073,0.495577
7.36363,0.491244
7.36653,0.488525
7.36943,0.488867
7.37234,0.493023
7.37524,0.500723
7.37814,0.510670
7.38104,0.520971
7.38395,0.530128
7.38685,0.537941
7.38975,0.545464
7.39265,0.554135
7.39556,0.564844
7.39846,0.577344
7.40136,0.590201
7.40426,0.601241
7.40717,0.608686
7.41007,0.612425
7.41297,0.614003
7.41587,0.615550
7.41878,0.618598
7.42168,0.623698
7.42458,0.630436
7.42748,0.637858
7.43039,0.645255
7.43329,0.652710
7.43619,0.661001
7.43909,0.670858
7.44200,0.682433
7.44490,0.695000
7.44780,0.707043
7.45070,0.716654
7.45361,0.722182
7.45651,0.722883
7.45941,0.718876
7.46231,0.710256
7.46522,0.696224
7.46812,0.675229
7.47102,0.645632
7.47392,0.606934
7.47683,0.560442
7.47973,0.509029
7.48263,0.456477
7.48553,0.406633
7.48844,0.362706
7.49134,0.326887
7.49424,0.300315
7.49714,0.282801
7.50005,0.272732
7.50295,0.267432
7.50585,0.264102
7.50875,0.260806
7.51166,0.256987
7.51456,0.253272
7.51746,0.250630
7.52036,0.249616
7.52327,0.250014
7.52617,0.249896
7.52907,0.246598
7.53197,0.238760
7.53488,0.227830
7.53778,0.216855
7.54068,0.208417
7.54358,0.204084
7.54649,0.204712
7.54939,0.210784
7.55229,0.222483
7.55519,0.239242
7.55810,0.258910
7.56100,0.277000
7.56390,0.288432
7.56680,0.292520
7.56971,0.293284
7.57261,0.294655
7.57551,0.297870
7.57841,0.302028
7.58132,0.305263
7.58422,0.305566
7.58712,0.301920
7.59002,0.295508
7.59293,0.288880
7.59583,0.283912
7.59873,0.280895
7.60163,0.279172
7.60454,0.277880
7.60744,0.276702
7.61034,0.276018
7.61324,0.276530
7.61615,0.278834
7.61905,0.283058
7.62195,0.288650
7.62485,0.294492
7.62776,0.299569
7.63066,0.303571
7.63356,0.306829
7.63646,0.309915
7.63937,0.313640
7.64227,0.318739
7.64517,0.325304
7.64807,0.332499
7.65098,0.339123
7.65388,0.344530
7.65678,0.349307
7.65968,0.354610
7.66259,0.361224
7.66549,0.369106
7.66839,0.377855
7.67129,0.387058
7.67420,0.396405
7.67710,0.405684
7.68000,0.414639
7.68290,0.422762
7.68580,0.429065
7.68871,0.432122
7.69161,0.430218
7.69451,0.421742
7.69741,0.405388
7.70032,0.380282
7.70322,0.346436
7.70612,0.305702
7.70902,0.262067
7.71193,0.220381
7.71483,0.184669
7.71773,0.157055
7.72063,0.137158
7.72354,0.122454
7.72644,0.109852
7.72934,0.097231
7.73224,0.084147
7.73515,0.071399
7.73805,0.060290
7.74095,0.052090
7.74385,0.047438
7.74676,0.045917
7.74966,0.046362
7.75256,0.047863
7.75546,0.050766
7.75837,0.057314
7.76127,0.073652
7.76417,0.107496
7.76707,0.160631
7.76998,0.228995
7.77288,0.305626
7.77578,0.382448
7.77868,0.452081
7.78159,0.509294
7.78449,0.551701
7.78739,0.579513
7.79029,0.594577
7.79320,0.599741
7.79610,0.598195
7.79900,0.593026
7.80190,0.586600
7.80481,0.580364
7.80771,0.574873
7.81061,0.570088
7.81351,0.565696
7.81642,0.561401
7.81932,0.557175
7.82222,0.553092
7.82512,0.549218
7.82803,0.545483
7.83093,0.541933
7.83383,0.538551
7.83673,0.535183
7.83964,0.531635
7.84254,0.527691
7.84544,0.523409
7.84834,0.519006
7.85125,0.514738
7.85415,0.510685
7.85705,0.506654
7.85995,0.502158
7.86286,0.496642
7.86576,0.489834
7.86866,0.481709
7.87156,0.472245
7.87447,0.461172
7.87737,0.448151
7.88027,0.432833
7.88317,0.415235
7.88608,0.395856
7.88898,0.375449
7.89188,0.354659
7.89478,0.333800
7.89769,0.312802
7.90059,0.291433
7.90349,0.269639
7.90639,0.247502
7.90930,0.225364
7.91220,0.203828
7.91510,0.183479
7.91800,0.164486
7.92091,0.146520
7.92381,0.129045
7.92671,0.111765
7.92961,0.094958
7.93252,0.079618
7.93542,0.067269
7.93832,0.059149
7.94122,0.055074
7.94413,0.053452
7.94703,0.052640
7.94993,0.051855
7.95283,0.051050
7.95574,0.050397
7.95864,0.049994
7.96154,0.049817
7.96444,0.049764
7.96735,0.049654
7.97025,0.049246
7.97315,0.048268
7.97605,0.046562
7.97896,0.044269
7.98186,0.041945
7.98476,0.040375
7.98766,0.040812
7.99057,0.048199
7.99347,0.071707
7.99637,0.114418
7.99927,0.172980
8.00218,0.242168
8.00508,0.316038
8.00798,0.388415
8.01088,0.453692
8.01379,0.507951
8.01669,0.549378
8.01959,0.578093
8.02249,0.595448
8.02540,0.603387
8.02830,0.603871
8.03120,0.598952
8.03410,0.590231
8.03701,0.578600
8.03991,0.564780
8.04281,0.550108
8.04571,0.536181
8.04862,0.524148
8.05152,0.514436
8.05442,0.506694
8.05732,0.500076
8.06023,0.493848
8.06313,0.487887
8.06603,0.482407
8.06893,0.477517
8.07184,0.472851
8.07474,0.467947
8.07764,0.462612
8.08054,0.457257
8.08345,0.452748
8.08635,0.449854
8.08925,0.448832
8.09215,0.449478
8.09506,0.451319
8.09796,0.453789
8.10086,0.456541
8.10376,0.459638
8.10667,0.463411
8.10957,0.468001
8.11247,0.473182
8.11537,0.478515
8.11828,0.483451
8.12118,0.487593
8.12408,0.490928
8.12698,0.493725
8.12989,0.495977
8.13279,0.497162
8.13569,0.496616
8.13859,0.494169
8.14150,0.490853
8.14440,0.488994
8.14730,0.491567
8.15020,0.500592
8.15311,0.515987
8.15601,0.535406
8.15891,0.555342
8.16181,0.572392
8.16472,0.584250
8.16762,0.590392
8.17052,0.591686
8.17342,0.589325
8.17633,0.583903
8.17923,0.575276
8.18213,0.562665
8.18503,0.544966
8.18794,0.521181
8.19084,0.490769
8.19374,0.454012
8.19664,0.412227
8.19955,0.367794
8.20245,0.323949
8.20535,0.284412
8.20825,0.252243
8.21116,0.228468
8.21406,0.211546
8.21696,0.198331
8.21986,0.186051
8.22277,0.173627
8.22567,0.161659
8.22857,0.151434
8.23147,0.144163
8.23438,0.141199
8.23728,0.145382
8.24018,0.161398
8.24308,0.193453
8.24599,0.242118
8.24889,0.304489
8.25179,0.375930
8.25469,0.450785
8.25760,0.522848
8.26050,0.586339
8.26340,0.637269
8.26630,0.674177
8.26921,0.697396
8.27211,0.708079
8.27501,0.708023
8.27791,0.699936
8.28082,0.686660
8.28372,0.670478
8.28662,0.652829
8.28952,0.634238
8.29243,0.614836
8.29533,0.595164
8.29823,0.576555
8.30113,0.560712
8.30404,0.548968
8.30694,0.541468
8.30984,0.536781
8.31274,0.532547
8.31565,0.526977
8.31855,0.519936
8.32145,0.512830
8.32435,0.507344
8.32726,0.504392
8.33016,0.503848
8.33306,0.504834
8.33596,0.506341
8.33887,0.507545
8.34177,0.507921
8.34467,0.507291
8.34757,0.505169
8.35048,0.500695
8.35338,0.493587
8.35628,0.485151
8.35918,0.477299
8.36209,0.471100
8.36499,0.466538
8.36789,0.463238
8.37079,0.460896
8.37370,0.459272
8.37660,0.458177
8.37950,0.457271
8.38240,0.456332
8.38531,0.455865
8.38821,0.457336
8.39111,0.462140
8.39401,0.470516
8.39692,0.480897
8.39982,0.490419
8.40272,0.496550
8.40562,0.498903
8.40853,0.498716
8.41143,0.497392
8.41433,0.495879
8.41723,0.495018
8.42014,0.495196
8.42304,0.495942
8.42594,0.496407
8.42884,0.495910
8.43175,0.494271
8.43465,0.491947
8.43755,0.489929
8.44045,0.489070
8.44336,0.489246
8.44626,0.488815
8.44916,0.484948
8.45206,0.474683
8.45497,0.455986
8.45787,0.428217
8.46077,0.392113
8.46367,0.349690
8.46658,0.304222
8.46948,0.260122
8.47238,0.222211
8.47528,0.194402
8.47819,0.177940
8.48109,0.170557
8.48399,0.168384
8.48689,0.169272
8.48980,0.174767
8.49270,0.189168
8.49560,0.215847
8.49850,0.253958
8.50141,0.298803
8.50431,0.344585
8.50721,0.386736
8.51011,0.422830
8.51302,0.452151
8.51592,0.474977
8.51882,0.491906
8.52172,0.503799
8.52463,0.511932
8.52753,0.518022
8.53043,0.523956
8.53333,0.531163
8.53624,0.539400
8.53914,0.547497
8.54204,0.554458
8.54494,0.560076
8.54785,0.565324
8.55075,0.571559
8.55365,0.579602
8.55655,0.588733
8.55946,0.596230
8.56236,0.598974
8.56526,0.596533
8.56816,0.591853
8.57107,0.589029
8.57397,0.591432
8.57687,0.600385
8.57977,0.614552
8.58268,0.630351
8.58558,0.642803
8.58848,0.648528
8.59138,0.648012
8.59429,0.643807
8.59719,0.638340
8.60009,0.633310
8.60299,0.629195
8.60590,0.625259
8.60880,0.620615
8.61170,0.615146
8.61460,0.609794
8.61751,0.606042
8.62041,0.605231
8.62331,0.608226
8.62621,0.615026
8.62912,0.624394
8.63202,0.633921
8.63492,0.640592
8.63782,0.642036
8.64073,0.638020
8.64363,0.629870
8.64653,0.618732
8.64943,0.604696
8.65234,0.587635
8.65524,0.567809
8.65814,0.546184
8.66104,0.524526
8.66395,0.505141
8.66685,0.489988
8.66975,0.479667
8.67265,0.473186
8.67556,0.468525
8.67846,0.463802
8.68136,0.458136
8.68426,0.451823
8.68717,0.445972
8.69007,0.441879
8.69297,0.440392
8.69587,0.441397
8.69878,0.443891
8.70168,0.446281
8.70458,0.447163
8.70748,0.446349
8.71039,0.445309
8.71329,0.446627
8.71619,0.452971
8.71909,0.465913
8.72200,0.484970
8.72490,0.507695
8.72780,0.530788
8.73070,0.551650
8.73361,0.569220
8.73651,0.583740
8.73941,0.595680
8.74231,0.605222
8.74522,0.612329
8.74812,0.616597
8.75102,0.617315
8.75392,0.614147
8.75683,0.607743
8.75973,0.599521
8.76263,0.591224
8.76553,0.584214
8.76844,0.579132
8.77134,0.575959
8.77424,0.573950
8.77714,0.571856
8.78005,0.568518
8.78295,0.563261
8.78585,0.556300
8.78875,0.548912
8.79166,0.542667
8.79456,0.538671
8.79746,0.537489
8.80036,0.539150
8.80327,0.543172
8.80617,0.548786
8.80907,0.555465
8.81197,0.563018
8.81488,0.570890
8.81778,0.577993
8.82068,0.583574
8.82358,0.587793
8.82649,0.591146
8.82939,0.594308
8.83229,0.597774
8.83519,0.601435
8.83810,0.604752
8.84100,0.607401
8.84390,0.609313
8.84680,0.610036
8.84971,0.608605
8.85261,0.604600
8.85551,0.599031
8.85841,0.593843
8.86132,0.590641
8.86422,0.589451
8.86712,0.589076
8.87002,0.588460
8.87293,0.587600
8.87583,0.586979
8.87873,0.586939
8.88163,0.587430
8.88454,0.588261
8.88744,0.589278
8.89034,0.590781
8.89324,0.593420
8.89615,0.597243
8.89905,0.601685
8.90195,0.606561
8.90485,0.612364
8.90776,0.619176
8.91066,0.625951
8.91356,0.630754
8.91646,0.632306
8.91937,0.631186
8.92227,0.629683
8.92517,0.630033
8.92807,0.633010
8.93098,0.637569
8.93388,0.641545
8.93678,0.642787
8.93968,0.640408
8.94259,0.635510
8.94549,0.629845
8.94839,0.624172
8.95129,0.618061
8.95420,0.611116
8.95710,0.603218
8.96000,0.594302
8.96290,0.584304
8.96580,0.573175
8.96871,0.560803
8.97161,0.546912
8.97451,0.531087
8.97741,0.512862
8.98032,0.492233
8.98322,0.469860
8.98612,0.446680
8.98902,0.423371
8.99193,0.400238
8.99483,0.377362
8.99773,0.354608
9.00063,0.332164
9.00354,0.311118
9.00644,0.293238
9.00934,0.279886
9.01224,0.271355
9.01515,0.266929
9.01805,0.265206
9.02095,0.264444
9.02385,0.263253
9.02676,0.261187
9.02966,0.258790
9.03256,0.257255
9.03546,0.257850
9.03837,0.261383
9.04127,0.267790
9.04417,0.276049
9.04707,0.284610
9.04998,0.292073
9.05288,0.297827
9.05578,0.302313
9.05868,0.306652
9.06159,0.311821
9.06449,0.318145
9.06739,0.325188
9.07029,0.331930
9.07320,0.337238
9.07610,0.340349
9.07900,0.341146
9.08190,0.340203
9.08481,0.338477
9.08771,0.336579
9.09061,0.334456
9.09351,0.331734
9.09642,0.328050
9.09932,0.323234
9.10222,0.317701
9.10512,0.312755
9.10803,0.310012
9.11093,0.310164
9.11383,0.312330
9.11673,0.314544
9.11964,0.315021
9.12254,0.313000
9.12544,0.308883
9.12834,0.303690
9.13125,0.298502
9.13415,0.294180
9.13705,0.291363
9.13995,0.290225
9.14286,0.290411
9.14576,0.291106
9.14866,0.291314
9.15156,0.290488
9.15447,0.289111
9.15737,0.288145
9.16027,0.287974
9.16317,0.288142
9.16608,0.287978
9.16898,0.287199
9.17188,0.285935
9.17478,0.284525
9.17769,0.283190
9.18059,0.281845
9.18349,0.280189
9.18639,0.278086
9.18930,0.275841
9.19220,0.274168
9.19510,0.273638
9.19800,0.274165
9.20091,0.275135
9.20381,0.276011
9.20671,0.276733
9.20961,0.277497
9.21252,0.278408
9.21542,0.279455
9.21832,0.280668
9.22122,0.282101
9.22413,0.283577
9.22703,0.284618
9.22993,0.284749
9.23283,0.283970
9.23574,0.282842
9.23864,0.282207
9.24154,0.282687
9.24444,0.284221
9.24735,0.285816
9.25025,0.285989
9.25315,0.283893
9.25605,0.280030
9.25896,0.275826
9.26186,0.272477
9.26476,0.270206
9.26766,0.268168
9.27057,0.264988
9.27347,0.259890
9.27637,0.253545
9.27927,0.247527
9.28218,0.243069
9.28508,0.240472
9.28798,0.239125
9.29088,0.237942
9.29379,0.235975
9.29669,0.232975
9.29959,0.229366
9.30249,0.225843
9.30540,0.223126
9.30830,0.221819
9.31120,0.222190
9.31410,0.223881
9.31701,0.226137
9.31991,0.228323
9.32281,0.230352
9.32571,0.232633
9.32862,0.235747
9.33152,0.239965
9.33442,0.244964
9.33732,0.250088
9.34023,0.254725
9.34313,0.258611
9.34603,0.261890
9.34893,0.264956
9.35184,0.268050
9.35474,0.270969
9.35764,0.273068
9.36054,0.273666
9.36345,0.272687
9.36635,0.270686
9.36925,0.268225
9.37215,0.265265
9.37506,0.261042
9.37796,0.254159
9.38086,0.242985
9.38376,0.226452
9.38667,0.204932
9.38957,0.180159
9.39247,0.154202
9.39537,0.128730
9.39828,0.104880
9.40118,0.083499
9.40408,0.065401
9.40698,0.051471
9.40989,0.042193
9.41279,0.036980
9.41569,0.034436
9.41859,0.033352
9.42150,0.033212
9.42440,0.033866
9.42730,0.034995
9.43020,0.036042
9.43311,0.036487
9.43601,0.036221
9.43891,0.036226
9.44181,0.038999
9.44472,0.047678
9.44762,0.063710
9.45052,0.086071
9.45342,0.113178
9.45633,0.144395
9.45923,0.180191
9.46213,0.221155
9.46503,0.266674
9.46794,0.315093
9.47084,0.364215
9.47374,0.411579
9.47664,0.455053
9.47955,0.493124
9.48245,0.525114
9.48535,0.550927
9.48825,0.570580
9.49116,0.583754
9.49406,0.589661
9.49696,0.587266
9.49986,0.576191
9.50277,0.557582
9.50567,0.534155
9.50857,0.510135
9.51147,0.490351
9.51438,0.478008
9.51728,0.472898
9.52018,0.471502
9.52308,0.468531
9.52599,0.458000
9.52889,0.434587
9.53179,0.397427
9.53469,0.353009
9.53760,0.310503
9.54050,0.275436
9.54340,0.248427
9.54630,0.227326
9.54921,0.209555
9.55211,0.193360
9.55501,0.177765
9.55791,0.162147
9.56082,0.146210
9.56372,0.130163
9.56662,0.115685
9.56952,0.106893
9.57243,0.110461
9.57533,0.131921
9.57823,0.170757
9.58113,0.222012
9.58404,0.279392
9.58694,0.336284
9.58984,0.387149
9.59274,0.428692
9.59565,0.459178
9.59855,0.477698
9.60145,0.485569
9.60435,0.486006
9.60726,0.482751
9.61016,0.478821
9.61306,0.476155
9.61596,0.475796
9.61887,0.478239
9.62177,0.483545
9.62467,0.491394
9.62757,0.501247
9.63048,0.512522
9.63338,0.524535
9.63628,0.536449
9.63918,0.547709
9.64209,0.558279
9.64499,0.568252
9.64789,0.576954
9.65079,0.583567
9.65370,0.588170
9.65660,0.591882
9.65950,0.595361
9.66240,0.598427
9.66531,0.600763
9.66821,0.602732
9.67111,0.605190
9.67401,0.608946
9.67692,0.614165
9.67982,0.620160
9.68272,0.625760
9.68562,0.629899
9.68853,0.632072
9.69143,0.632374
9.69433,0.631311
9.69723,0.628972
9.70014,0.624396
9.70304,0.615905
9.70594,0.602537
9.70884,0.584914
9.71175,0.564987
9.71465,0.545051
9.71755,0.526996
9.72045,0.511666
9.72336,0.498344
9.72626,0.485379
9.72916,0.471527
9.73206,0.457036
9.73497,0.443846
9.73787,0.435111
9.74077,0.434212
9.74367,0.443110
9.74658,0.461485
9.74948,0.487318
9.75238,0.518221
9.75528,0.552662
9.75819,0.590187
9.76109,0.630443
9.76399,0.672231
9.76689,0.712874
9.76980,0.748706
9.77270,0.776518
9.77560,0.794647
9.77850,0.803666
9.78141,0.805888
9.78431,0.804115
9.78721,0.800263
9.79011,0.795005
9.79302,0.788301
9.79592,0.780445
9.79882,0.772752
9.80172,0.766726
9.80463,0.763091
9.80753,0.761304
9.81043,0.759880
9.81333,0.756795
9.81624,0.750193
9.81914,0.739114
9.82204,0.723627
9.82494,0.704575
9.82785,0.683128
9.83075,0.660713
9.83365,0.638262
9.83655,0.615990
9.83946,0.593734
9.84236,0.571323
9.84526,0.549171
9.84816,0.528701
9.85107,0.512079
9.85397,0.501227
9.85687,0.496913
9.85977,0.498432
9.86268,0.504181
9.86558,0.512731
9.86848,0.523612
9.87138,0.537124
9.87429,0.553767
9.87719,0.573720
9.88009,0.596179
9.88299,0.619474
9.88590,0.641566
9.88880,0.660654
9.89170,0.675722
9.89460,0.686650
9.89751,0.693806
9.90041,0.697951
9.90331,0.700170
9.90621,0.700471
9.90912,0.697636
9.91202,0.690852
9.91492,0.680937
9.91782,0.669557
9.92073,0.658226
9.92363,0.647752
9.92653,0.638198
9.92943,0.629024
9.93234,0.619263
9.93524,0.608031
9.93814,0.595127
9.94104,0.581541
9.94395,0.569178
9.94685,0.559543
9.94975,0.552088
9.95265,0.544519
9.95556,0.534512
9.95846,0.520606
9.96136,0.502735
9.96426,0.482555
9.96717,0.463248
9.97007,0.448257
9.97297,0.439043
9.97587,0.434346
9.97878,0.431802
9.98168,0.430420
9.98458,0.430893
9.98748,0.434507
9.99039,0.442177
9.99329,0.454309
9.99619,0.470840
9.99909,0.491289
10.00200,0.514662
10.00490,0.539369
10.00780,0.563432
10.01070,0.585116
10.01361,0.603421
10.01651,0.618155
10.01941,0.630136
10.02231,0.640669
10.02522,0.650761
10.02812,0.660730
10.03102,0.670691
10.03392,0.679903
10.03683,0.686273
10.03973,0.687151
10.04263,0.680892
10.04553,0.666917
10.04844,0.645128
10.05134,0.615548
10.05424,0.578251
10.05714,0.533763
10.06005,0.484079
10.06295,0.433472
10.06585,0.388028
10.06875,0.354043
10.07166,0.335841
10.07456,0.333730
10.07746,0.342992
10.08036,0.356444
10.08327,0.368267
10.08617,0.375655
10.08907,0.378704
10.09197,0.379434
10.09488,0.380128
10.09778,0.381572
10.10068,0.382714
10.10358,0.382423
10.10649,0.381192
10.10939,0.380759
10.11229,0.382396
10.11519,0.385410
10.11810,0.386835
10.12100,0.382919
10.12390,0.371398
10.12680,0.352984
10.12971,0.331035
10.13261,0.310045
10.13551,0.293322
10.13841,0.281041
10.14132,0.270231
10.14422,0.257110
10.14712,0.239911
10.15002,0.219410
10.15293,0.197838
10.15583,0.177591
10.15873,0.160370
10.16163,0.146589
10.16454,0.135373
10.16744,0.125866
10.17034,0.119901
10.17324,0.123385
10.17615,0.143038
10.17905,0.179835
10.18195,0.228442
10.18485,0.281688
10.18776,0.333098
10.19066,0.378000
10.19356,0.414204
10.19646,0.441869
10.19937,0.462655
10.20227,0.478687
10.20517,0.491844
10.20807,0.503089
10.21098,0.512393
10.21388,0.519178
10.21678,0.522689
10.21968,0.522248
10.22259,0.517157
10.22549,0.506443
10.22839,0.488852
10.23129,0.463372
10.23420,0.429865
10.23710,0.389977
10.24000,0.347676
10.24290,0.308865
10.24580,0.279692
10.24871,0.264063
10.25161,0.261649
10.25451,0.268456
10.25741,0.279610
10.26032,0.291391
10.26322,0.302017
10.26612,0.311528
10.26902,0.320818
10.27193,0.330937
10.27483,0.343066
10.27773,0.358738
10.28063,0.379375
10.28354,0.405375
10.28644,0.435520
10.28934,0.467259
10.29224,0.497626
10.29515,0.524207
10.29805,0.545840
10.30095,0.562643
10.30385,0.575644
10.30676,0.586154
10.30966,0.595024
10.31256,0.602220
10.31546,0.607177
10.31837,0.609449
10.32127,0.609060
10.32417,0.606185
10.32707,0.601071
10.32998,0.594177
10.33288,0.585952
10.33578,0.576647
10.33868,0.566387
10.34159,0.555441
10.34449,0.544141
10.34739,0.532329
10.35029,0.518934
10.35320,0.502813
10.35610,0.484137
10.35900,0.464159
10.36190,0.443837
10.36481,0.423667
10.36771,0.404420
10.37061,0.387321
10.37351,0.373611
10.37642,0.364015
10.37932,0.358316
10.38222,0.355415
10.38512,0.353982
10.38803,0.353222
10.39093,0.352898
10.39383,0.353017
10.39673,0.353679
10.39964,0.355075
10.40254,0.357305
10.40544,0.360511
10.40834,0.364761
10.41125,0.369666
10.41415,0.374855
10.41705,0.380979
10.41995,0.389713
10.42286,0.402657
10.42576,0.420384
10.42866,0.441906
10.43156,0.464836
10.43447,0.486424
10.43737,0.504934
10.44027,0.520285
10.44317,0.533585
10.44608,0.546055
10.44898,0.558247
10.45188,0.569851
10.45478,0.580050
10.45769,0.588265
10.46059,0.594292
10.46349,0.598019
10.46639,0.599370
10.46930,0.598612
10.47220,0.596131
10.47510,0.591683
10.47800,0.583905
10.48091,0.570332
10.48381,0.548143
10.48671,0.515009
10.48961,0.469822
10.49252,0.412935
10.49542,0.346305
10.49832,0.273776
10.50122,0.201225
10.50413,0.135729
10.50703,0.083987
10.50993,0.051488
10.51283,0.040408
10.51574,0.043358
10.51864,0.051799
10.52154,0.062378
10.52444,0.072793
10.52735,0.081315
10.53025,0.089530
10.53315,0.106949
10.53605,0.144869
10.53896,0.203377
10.54186,0.273886
10.54476,0.347133
10.54766,0.416442
10.55057,0.477716
10.55347,0.528831
10.55637,0.568990
10.55927,0.597615
10.56218,0.613888
10.56508,0.618324
10.56798,0.614855
10.57088,0.609454
10.57379,0.606978
10.57669,0.609398
10.57959,0.616082
10.58249,0.624666
10.58540,0.631124
10.58830,0.631814
10.59120,0.626463
10.59410,0.618184
10.59701,0.611022
10.59991,0.607674
10.60281,0.608287
10.60571,0.611072
10.60862,0.613897
10.61152,0.615684
10.61442,0.617059
10.61732,0.619694
10.62023,0.625219
10.62313,0.634310
10.62603,0.646184
10.62893,0.658822
10.63184,0.669670
10.63474,0.676544
10.63764,0.678731
10.64054,0.677500
10.64345,0.674599
10.64635,0.670403
10.64925,0.663748
10.65215,0.653050
10.65506,0.637481
10.65796,0.617065
10.66086,0.591860
10.66376,0.561324
10.66667,0.524420
10.66957,0.480450
10.67247,0.430166
10.67537,0.376395
10.67828,0.323818
10.68118,0.277815
10.68408,0.242841
10.68698,0.220929
10.68989,0.211366
10.69279,0.212419
10.69569,0.223099
10.69859,0.242532
10.70150,0.268211
10.70440,0.296011
10.70730,0.321546
10.71020,0.341584
10.71311,0.354678
10.71601,0.360965
10.71891,0.361689
10.72181,0.358595
10.72472,0.353723
10.72762,0.350139
10.73052,0.352338
10.73342,0.363976
10.73633,0.384613
10.73923,0.408844
10.74213,0.428763
10.74503,0.437792
10.74794,0.433625
10.75084,0.418889
10.75374,0.399821
10.75664,0.383074
10.75955,0.371670
10.76245,0.363380
10.76535,0.352700
10.76825,0.334541
10.77116,0.307302
10.77406,0.273343
10.77696,0.237679
10.77986,0.207462
10.78277,0.191476
10.78567,0.197195
10.78857,0.225269
10.79147,0.269259
10.79438,0.320360
10.79728,0.370993
10.80018,0.415807
10.80308,0.451266
10.80599,0.475152
10.80889,0.486381
10.81179,0.485080
10.81469,0.472510
10.81760,0.450830
10.82050,0.423088
10.82340,0.392877
10.82630,0.363558
10.82921,0.338303
10.83211,0.319943
10.83501,0.310162
10.83791,0.308703
10.84082,0.313561
10.84372,0.322291
10.84662,0.332874
10.84952,0.343740
10.85243,0.353656
10.85533,0.361741
10.85823,0.367367
10.86113,0.370163
10.86404,0.370143
10.86694,0.368082
10.86984,0.365799
10.87274,0.365557
10.87565,0.368603
10.87855,0.374163
10.88145,0.379852
10.88435,0.383137
10.88726,0.382792
10.89016,0.379620
10.89306,0.376221
10.89596,0.375732
10.89887,0.380562
10.90177,0.391438
10.90467,0.407250
10.90757,0.425406
10.91048,0.442605
10.91338,0.455913
10.91628,0.464115
10.91918,0.468284
10.92209,0.471042
10.92499,0.475071
10.92789,0.481817
10.93079,0.490878
10.93370,0.500272
10.93660,0.507401
10.93950,0.510586
10.94240,0.510349
10.94531,0.508677
10.94821,0.507341
10.95111,0.507043
10.95401,0.507709
10.95692,0.508697
10.95982,0.509094
10.96272,0.508241
10.96562,0.506273
10.96853,0.504075
10.97143,0.502623
10.97433,0.502424
10.97723,0.503339
10.98014,0.504960
10.98304,0.507304
10.98594,0.510977
10.98884,0.516694
10.99175,0.524576
10.99465,0.533684
10.99755,0.541876
11.00045,0.546613
11.00336,0.546825
11.00626,0.543963
11.00916,0.540931
11.01206,0.540041
11.01497,0.541673
11.01787,0.543296
11.02077,0.540356
11.02367,0.529577
11.02658,0.511395
11.02948,0.488815
11.03238,0.465017
11.03528,0.442103
11.03819,0.420981
11.04109,0.401741
11.04399,0.384143
11.04689,0.367928
11.04980,0.352735
11.05270,0.338042
11.05560,0.323215
11.05850,0.307769
11.06141,0.291507
11.06431,0.274551
11.06721,0.256936
11.07011,0.238158
11.07302,0.217303
11.07592,0.193558
11.07882,0.166784
11.08172,0.137988
11.08463,0.109304
11.08753,0.083466
11.09043,0.063255
11.09333,0.050876
11.09624,0.046300
11.09914,0.046422
11.10204,0.047750
11.10494,0.048460
11.10785,0.048133
11.11075,0.047029
11.11365,0.045618
11.11655,0.044323
11.11946,0.043429
11.12236,0.043054
11.12526,0.043219
11.12816,0.043951
11.13107,0.045307
11.13397,0.047306
11.13687,0.049799
11.13977,0.052482
11.14268,0.055077
11.14558,0.057316
11.14848,0.058938
11.15138,0.059770
11.15429,0.059757
11.15719,0.058919
11.16009,0.057263
11.16299,0.054801
11.16590,0.051663
11.16880,0.048354
11.17170,0.047387
11.17460,0.056786
11.17751,0.084213
11.18041,0.128466
11.18331,0.184678
11.18621,0.247296
11.18912,0.310507
11.19202,0.369237
11.19492,0.419940
11.19782,0.460563
11.20073,0.490412
11.20363,0.510183
11.20653,0.521811
11.20943,0.527893
11.21234,0.530964
11.21524,0.533126
11.21814,0.536019
11.22104,0.540613
11.22395,0.546714
11.22685,0.552965
11.22975,0.557529
11.23265,0.559278
11.23556,0.558366
11.23846,0.555984
11.24136,0.553844
11.24426,0.553428
11.24717,0.555339
11.25007,0.559136
11.25297,0.563951
11.25587,0.569188
11.25878,0.574813
11.26168,0.581091
11.26458,0.588015
11.26748,0.594795
11.27039,0.600052
11.27329,0.602857
11.27619,0.603552
11.27909,0.603511
11.28200,0.603824
11.28490,0.604631
11.28780,0.605042
11.29070,0.603761
11.29361,0.600174
11.29651,0.595247
11.29941,0.591137
11.30231,0.589910
11.30522,0.592543
11.30812,0.598507
11.31102,0.605983
11.31392,0.612601
11.31683,0.616760
11.31973,0.618632
11.32263,0.620060
11.32553,0.623385
11.32844,0.629994
11.33134,0.639685
11.33424,0.650731
11.33714,0.660891
11.34005,0.668723
11.34295,0.674205
11.34585,0.678432
11.34875,0.682897
11.35166,0.688670
11.35456,0.695765
11.35746,0.703224
11.36036,0.709662
11.36327,0.714332
11.36617,0.717686
11.36907,0.720975
11.37197,0.725312
11.37488,0.731151
11.37778,0.738053
11.38068,0.744727
11.38358,0.749804
11.38649,0.753097
11.38939,0.755843
11.39229,0.759743
11.39519,0.765840
11.39810,0.773855
11.40100,0.782130
11.40390,0.788196
11.40680,0.790219
11.40971,0.788653
11.41261,0.785991
11.41551,0.784997
11.41841,0.787017
11.42132,0.791527
11.42422,0.796477
11.42712,0.799279
11.43002,0.798258
11.43293,0.793541
11.43583,0.787012
11.43873,0.781124
11.44163,0.777754
11.44454,0.777373
11.44744,0.778903
11.45034,0.780283
11.45324,0.779410
11.45615,0.775335
11.45905,0.768690
11.46195,0.761082
11.46485,0.753928
11.46776,0.747949
11.47066,0.743066
11.47356,0.738860
11.47646,0.735048
11.47937,0.731574
11.48227,0.728514
11.48517,0.725776
11.48807,0.722835
11.49098,0.718528
11.49388,0.711724
11.49678,0.702129
11.49968,0.690852
11.50259,0.679919
11.50549,0.671210
11.50839,0.665401
11.51129,0.661469
11.51420,0.657034
11.51710,0.648965
11.52000,0.635197
11.52290,0.616419
11.52580,0.593006
11.52871,0.564110
11.53161,0.530019
11.53451,0.494356
11.53741,0.462390
11.54032,0.437721
11.54322,0.421804
11.54612,0.414977
11.54902,0.417348
11.55193,0.428967
11.55483,0.449072
11.55773,0.474711
11.56063,0.499292
11.56354,0.514604
11.56644,0.518525
11.56934,0.516731
11.57224,0.515510
11.57515,0.517493
11.57805,0.522467
11.58095,0.529066
11.58385,0.535140
11.58676,0.538373
11.58966,0.537923
11.59256,0.534325
11.59546,0.527718
11.59837,0.517577
11.60127,0.504240
11.60417,0.489143
11.60707,0.474448
11.60998,0.462364
11.61288,0.454486
11.61578,0.451467
11.61868,0.452927
11.62159,0.457639
11.62449,0.464013
11.62739,0.470970
11.63029,0.478309
11.63320,0.486137
11.63610,0.494113
11.63900,0.501820
11.64190,0.509031
11.64481,0.515460
11.64771,0.520213
11.65061,0.522202
11.65351,0.521067
11.65642,0.517713
11.65932,0.513285
11.66222,0.508285
11.66512,0.502709
11.66803,0.496774
11.67093,0.491061
11.67383,0.486133
11.67673,0.482415
11.67964,0.480116
11.68254,0.479271
11.68544,0.479819
11.68834,0.481711
11.69125,0.484787
11.69415,0.488810
11.69705,0.493327
11.69995,0.497395
11.70286,0.499682
11.70576,0.499334
11.70866,0.496919
11.71156,0.493815
11.71447,0.491012
11.71737,0.488881
11.72027,0.487565
11.72317,0.486927
11.72608,0.486445
11.72898,0.485551
11.73188,0.484003
11.73478,0.481960
11.73769,0.479649
11.74059,0.477312
11.74349,0.475051
11.74639,0.472883
11.74930,0.470779
11.75220,0.468699
11.75510,0.466767
11.75800,0.465203
11.76091,0.464222
11.76381,0.463917
11.76671,0.464367
11.76961,0.465894
11.77252,0.469574
11.77542,0.477227
11.77832,0.490725
11.78122,0.510867
11.78413,0.536791
11.78703,0.566258
11.78993,0.596071
11.79283,0.622832
11.79574,0.643707
11.79864,0.657500
11.80154,0.665038
11.80444,0.668507
11.80735,0.670214
11.81025,0.671708
11.81315,0.673522
11.81605,0.675298
11.81896,0.676388
11.82186,0.676090
11.82476,0.673874
11.82766,0.669561
11.83057,0.663818
11.83347,0.657800
11.83637,0.652443
11.83927,0.648237
11.84218,0.645019
11.84508,0.642313
11.84798,0.639691
11.85088,0.637075
11.85379,0.634497
11.85669,0.631709
11.85959,0.628021
11.86249,0.622536
11.86540,0.614743
11.86830,0.604791
11.87120,0.593386
11.87410,0.581201
11.87701,0.568651
11.87991,0.555624
11.88281,0.541695
11.88571,0.526241
11.88862,0.508337
11.89152,0.486966
11.89442,0.461383
11.89732,0.431629
11.90023,0.398974
11.90313,0.366166
11.90603,0.336662
11.90893,0.313816
11.91184,0.300167
11.91474,0.296593
11.91764,0.302167
11.92054,0.315036
11.92345,0.333428
11.92635,0.355942
11.92925,0.381525
11.93215,0.409154
11.93506,0.437436
11.93796,0.464540
11.94086,0.488605
11.94376,0.508213
11.94667,0.522469
11.94957,0.530739
11.95247,0.533052
11.95537,0.530812
11.95828,0.526454
11.96118,0.522425
11.96408,0.520208
11.96698,0.519992
11.96989,0.521006
11.97279,0.521633
11.97569,0.520022
11.97859,0.515326
11.98150,0.508624
11.98440,0.501833
11.98730,0.496079
11.99020,0.491187
11.99311,0.486364
11.99601,0.480961
11.99891,0.474734
12.00181,0.467988
12.00472,0.461319
12.00762,0.455422
12.01052,0.451094
12.01342,0.449319
12.01633,0.450831
12.01923,0.455787
12.02213,0.463535
12.02503,0.472787
12.02794,0.482061
12.03084,0.490517
12.03374,0.497942
12.03664,0.504260
12.03955,0.509557
12.04245,0.514555
12.04535,0.520330
12.04825,0.527547
12.05116,0.536072
12.05406,0.544939
12.05696,0.552706
12.05986,0.558220
12.06277,0.561394
12.06567,0.562949
12.06857,0.563653
12.07147,0.563535
12.07438,0.562059
12.07728,0.558717
12.08018,0.553412
12.08308,0.546053
12.08599,0.535792
12.08889,0.521042
12.09179,0.500410
12.09469,0.473969
12.09760,0.444084
12.10050,0.415349
12.10340,0.393048
12.10630,0.380621
12.10921,0.377926
12.11211,0.381809
12.11501,0.388298
12.11791,0.394269
12.12082,0.397969
12.12372,0.398470
12.12662,0.394857
12.12952,0.385853
12.13243,0.370081
12.13533,0.346539
12.13823,0.314958
12.14113,0.276310
12.14404,0.233235
12.14694,0.190587
12.14984,0.156183
12.15274,0.140339
12.15565,0.149087
12.15855,0.176481
12.16145,0.211561
12.16435,0.245814
12.16726,0.273711
12.17016,0.292058
12.17306,0.299756
12.17596,0.297411
12.17887,0.286779
12.18177,0.270195
12.18467,0.250045
12.18757,0.228326
12.19048,0.206364
12.19338,0.185173
12.19628,0.167011
12.19918,0.157949
12.20209,0.166842
12.20499,0.197499
12.20789,0.244344
12.21079,0.298031
12.21370,0.350424
12.21660,0.395986
12.21950,0.432002
12.22240,0.458303
12.22531,0.476673
12.22821,0.489742
12.23111,0.499972
12.23401,0.508947
12.23692,0.517325
12.23982,0.525395
12.24272,0.533431
12.24562,0.541802
12.24853,0.550792
12.25143,0.560548
12.25433,0.570799
12.25723,0.580937
12.26014,0.590438
12.26304,0.599314
12.26594,0.608192
12.26884,0.617578
12.27175,0.627128
12.27465,0.635721
12.27755,0.642205
12.28045,0.645604
12.28336,0.645324
12.28626,0.641429
12.28916,0.634492
12.29206,0.625387
12.29497,0.615219
12.29787,0.605379
12.30077,0.597308
12.30367,0.592402
12.30658,0.591653
12.30948,0.595162
12.31238,0.601925
12.31528,0.610334
12.31819,0.619058
12.32109,0.627607
12.32399,0.636041
12.32689,0.644585
12.32980,0.653340
12.33270,0.661942
12.33560,0.669668
12.33850,0.675666
12.34141,0.679261
12.34431,0.680337
12.34721,0.678569
12.35011,0.672788
12.35302,0.661714
12.35592,0.645256
12.35882,0.624256
12.36172,0.599355
12.36463,0.570983
12.36753,0.540266
12.37043,0.509314
12.37333,0.480596
12.37624,0.456510
12.37914,0.438748
12.38204,0.428025
12.38494,0.424196
12.38785,0.426782
12.39075,0.435018
12.39365,0.447881
12.39655,0.463918
12.39946,0.481169
12.40236,0.497662
12.40526,0.512388
12.40816,0.524926
12.41107,0.534514
12.41397,0.540212
12.41687,0.542165
12.41977,0.541617
12.42268,0.539650
12.42558,0.536381
12.42848,0.530477
12.43138,0.519208
12.43429,0.499282
12.43719,0.468363
12.44009,0.426117
12.44299,0.374280
12.44590,0.315989
12.44880,0.255202
12.45170,0.196420
12.45460,0.144315
12.45751,0.103110
12.46041,0.075603
12.46331,0.061258
12.46621,0.055430
12.46912,0.053177
12.47202,0.052250
12.47492,0.052186
12.47782,0.053150
12.48073,0.055462
12.48363,0.059874
12.48653,0.068322
12.48943,0.083608
12.49234,0.108480
12.49524,0.142905
12.49814,0.183026
12.50104,0.223008
12.50395,0.257103
12.50685,0.281829
12.50975,0.296923
12.51265,0.304475
12.51556,0.307538
12.51846,0.308466
12.52136,0.307775
12.52426,0.304073
12.52717,0.295199
12.53007,0.279819
12.53297,0.258775
12.53587,0.235933
12.53878,0.218970
12.54168,0.217529
12.54458,0.236975
12.54748,0.274315
12.55039,0.322497
12.55329,0.374997
12.55619,0.426434
12.55909,0.471757
12.56200,0.506646
12.56490,0.529768
12.56780,0.543661
12.57070,0.552615
12.57361,0.560438
12.57651,0.569052
12.57941,0.577900
12.58231,0.584690
12.58522,0.586371
12.58812,0.581460
12.59102,0.571667
12.59392,0.560108
12.59683,0.549288
12.59973,0.540758
12.60263,0.534949
12.60553,0.531253
12.60844,0.528754
12.61134,0.526781
12.61424,0.524999
12.61714,0.523052
12.62005,0.520388
12.62295,0.516617
12.62585,0.511863
12.62875,0.506498
12.63166,0.500519
12.63456,0.492973
12.63746,0.481905
12.64036,0.465267
12.64327,0.441342
12.64617,0.408904
12.64907,0.367939
12.65197,0.320905
12.65488,0.273029
12.65778,0.231732
12.66068,0.205304
12.66358,0.198803
12.66649,0.209288
12.66939,0.228738
12.67229,0.250439
12.67519,0.271569
12.67810,0.292362
12.68100,0.314083
12.68390,0.337830
12.68680,0.363578
12.68971,0.389913
12.69261,0.414745
12.69551,0.435728
12.69841,0.450901
12.70132,0.459052
12.70422,0.460270
12.70712,0.456554
12.71002,0.451578
12.71293,0.449396
12.71583,0.452404
12.71873,0.460074
12.72163,0.469160
12.72454,0.475648
12.72744,0.477365
12.73034,0.474855
12.73324,0.470502
12.73615,0.466606
12.73905,0.463242
12.74195,0.458400
12.74485,0.449910
12.74776,0.437398
12.75066,0.423011
12.75356,0.410231
12.75646,0.401726
12.75937,0.397779
12.76227,0.396462
12.76517,0.395137
12.76807,0.391765
12.77098,0.385351
12.77388,0.375281
12.77678,0.361088
12.77968,0.342822
12.78259,0.321189
12.78549,0.297428
12.78839,0.272858
12.79129,0.248266
12.79420,0.223667
12.79710,0.198582
12.80000,0.173095
12.80290,0.150424
12.80580,0.140245
12.80871,0.155064
12.81161,0.195548
12.81451,0.250950
12.81741,0.310542
12.82032,0.366673
12.82322,0.414604
12.82612,0.451912
12.82902,0.478059
12.83193,0.494014
12.83483,0.501668
12.83773,0.503408
12.84063,0.501868
12.84354,0.499353
12.84644,0.497042
12.84934,0.494790
12.85224,0.491840
12.85515,0.488062
12.85805,0.484232
12.86095,0.481361
12.86385,0.479536
12.86676,0.477818
12.86966,0.475158
12.87256,0.471231
12.87546,0.466148
12.87837,0.459903
12.88127,0.452194
12.88417,0.442766
12.88707,0.431840
12.88998,0.420518
12.89288,0.410655
12.89578,0.403731
12.89868,0.400065
12.90159,0.399013
12.90449,0.399597
12.90739,0.400699
12.91029,0.401301
12.91320,0.400834
12.91610,0.399627
12.91900,0.398726
12.92190,0.399242
12.92481,0.401634
12.92771,0.405589
12.93061,0.410424
12.93351,0.415558
12.93642,0.420718
12.93932,0.425844
12.94222,0.431034
12.94512,0.436007
12.94803,0.439826
12.95093,0.441426
12.95383,0.440816
12.95673,0.439151
12.95964,0.437897
12.96254,0.438038
12.96544,0.439815
12.96834,0.442902
12.97125,0.446790
12.97415,0.451122
12.97705,0.455714
12.97995,0.460702
12.98286,0.466767
12.98576,0.474955
12.98866,0.486120
12.99156,0.500380
12.99447,0.516924
12.99737,0.533720
13.00027,0.548065
13.00317,0.558051
13.00608,0.563842
13.00898,0.567155
13.01188,0.569792
13.01478,0.572604
13.01769,0.574985
13.02059,0.574901
13.02349,0.570472
13.02639,0.561648
13.02930,0.550071
13.03220,0.538016
13.03510,0.527153
13.03800,0.517925
13.04091,0.509894
13.04381,0.502572
13.04671,0.496141
13.04961,0.491304
13.05252,0.488663
13.05542,0.488386
13.05832,0.490333
13.06122,0.494222
13.06413,0.499950
13.06703,0.507466
13.06993,0.516134
13.07283,0.524481
13.07574,0.530626
13.07864,0.532959
13.08154,0.530857
13.08444,0.525062
13.08735,0.516912
13.09025,0.507461
13.09315,0.497168
13.09605,0.485770
13.09896,0.472510
13.10186,0.457088
13.10476,0.440502
13.10766,0.424755
13.11057,0.411625
13.11347,0.401933
13.11637,0.395698
13.11927,0.392780
13.12218,0.392973
13.12508,0.395743
13.12798,0.399786
13.13088,0.403165
13.13379,0.404203
13.13669,0.402565
13.13959,0.399324
13.14249,0.396363
13.14540,0.395400
13.14830,0.397153
13.15120,0.401425
13.15410,0.407889
13.15701,0.416206
13.15991,0.425402
13.16281,0.433908
13.16571,0.440377
13.16862,0.444402
13.17152,0.446225
13.17442,0.446234
13.17732,0.444623
13.18023,0.441297
13.18313,0.436042
13.18603,0.429025
13.18893,0.421164
13.19184,0.414026
13.19474,0.409049
13.19764,0.406597
13.20054,0.405950
13.20345,0.406266
13.20635,0.407406
13.20925,0.409646
13.21215,0.412975
13.21506,0.416910
13.21796,0.420816
13.22086,0.424097
13.22376,0.425893
13.22667,0.425049
13.22957,0.420805
13.23247,0.413574
13.23537,0.404742
13.23828,0.395900
13.24118,0.388187
13.24408,0.382022
13.24698,0.376995
13.24989,0.371932
13.25279,0.365748
13.25569,0.358419
13.25859,0.351231
13.26150,0.345835
13.26440,0.343042
13.26730,0.342162
13.27020,0.341203
13.27311,0.338303
13.27601,0.333368
13.27891,0.328374
13.28181,0.326409
13.28472,0.330982
13.28762,0.345163
13.29052,0.370164
13.29342,0.404433
13.29633,0.444582
13.29923,0.487139
13.30213,0.529384
13.30503,0.569116
13.30794,0.604118
13.31084,0.632069
13.31374,0.650817
13.31664,0.659568
13.31955,0.659670
13.32245,0.654100
13.32535,0.645945
13.32825,0.637254
13.33116,0.628508
13.33406,0.618855
13.33696,0.607524
13.33986,0.594639
13.34277,0.581172
13.34567,0.568283
13.34857,0.556768
13.35147,0.546548
13.35438,0.536569
13.35728,0.525296
13.36018,0.511643
13.36308,0.496214
13.36599,0.481227
13.36889,0.469158
13.37179,0.461285
13.37469,0.457270
13.37760,0.455359
13.38050,0.452984
13.38340,0.447929
13.38630,0.439732
13.38921,0.430058
13.39211,0.421254
13.39501,0.414778
13.39791,0.410471
13.40082,0.406850
13.40372,0.402003
13.40662,0.394978
13.40952,0.386667
13.41243,0.379080
13.41533,0.373824
13.41823,0.371148
13.42113,0.370159
13.42404,0.369426
13.42694,0.367800
13.42984,0.365130
13.43274,0.362273
13.43565,0.360324
13.43855,0.359738
13.44145,0.360228
13.44435,0.361115
13.44726,0.361891
13.45016,0.362405
13.45306,0.362695
13.45596,0.362849
13.45887,0.362944
13.46177,0.363045
13.46467,0.363363
13.46757,0.364382
13.47048,0.366744
13.47338,0.370978
13.47628,0.377081
13.47918,0.384285
13.48209,0.391333
13.48499,0.397017
13.48789,0.400535
13.49079,0.401534
13.49370,0.400102
13.49660,0.396586
13.49950,0.391577
13.50240,0.385943
13.50531,0.380499
13.50821,0.375869
13.51111,0.372447
13.51401,0.370348
13.51692,0.369223
13.51982,0.368454
13.52272,0.367272
13.52562,0.364078
13.52853,0.355900
13.53143,0.340029
13.53433,0.317593
13.53723,0.293199
13.54014,0.271003
13.54304,0.253305
13.54594,0.241087
13.54884,0.234612
13.55175,0.233670
13.55465,0.237518
13.55755,0.244695
13.56045,0.252909
13.56336,0.259553
13.56626,0.263211
13.56916,0.264741
13.57206,0.266154
13.57497,0.268610
13.57787,0.271733
13.58077,0.274344
13.58367,0.275490
13.58658,0.274718
13.58948,0.272271
13.59238,0.268730
13.59528,0.264041
13.59819,0.257320
13.60109,0.248358
13.60399,0.237995
13.60689,0.227536
13.60980,0.217938
13.61270,0.209382
13.61560,0.201229
13.61850,0.192312
13.62141,0.181359
13.62431,0.167368
13.62721,0.149926
13.63011,0.129466
13.63302,0.107439
13.63592,0.086208
13.63882,0.068676
13.64172,0.057163
13.64463,0.051579
13.64753,0.049155
13.65043,0.046918
13.65333,0.043533
13.65624,0.039275
13.65914,0.035302
13.66204,0.032752
13.66494,0.031852
13.66785,0.031821
13.67075,0.031692
13.67365,0.031049
13.67655,0.030117
13.67946,0.029500
13.68236,0.029805
13.68526,0.031206
13.68816,0.033323
13.69107,0.035560
13.69397,0.037470
13.69687,0.038892
13.69977,0.039978
13.70268,0.041143
13.70558,0.042875
13.70848,0.045420
13.71138,0.048619
13.71429,0.051982
13.71719,0.055017
13.72009,0.057535
13.72299,0.059703
13.72590,0.061952
13.72880,0.064715
13.73170,0.068206
13.73460,0.072355
13.73751,0.076771
13.74041,0.080913
13.74331,0.084326
13.74621,0.086778
13.74912,0.088309
13.75202,0.089202
13.75492,0.089883
13.75782,0.090807
13.76073,0.092443
13.76363,0.095300
13.76653,0.099759
13.76943,0.105747
13.77234,0.112751
13.77524,0.120011
13.77814,0.126682
13.78104,0.132040
13.78395,0.135834
13.78685,0.138504
13.78975,0.140991
13.79265,0.144476
13.79556,0.149944
13.79846,0.157516
13.80136,0.166433
13.80426,0.175767
13.80717,0.184862
13.81007,0.193475
13.81297,0.201558
13.81587,0.209019
13.81878,0.215556
13.82168,0.220637
13.82458,0.224024
13.82748,0.226256
13.83039,0.228595
13.83329,0.231996
13.83619,0.236513
13.83909,0.241299
13.84200,0.244898
13.84490,0.246078
13.84780,0.244481
13.85070,0.240463
13.85361,0.234528
13.85651,0.227032
13.85941,0.218190
13.86231,0.208269
13.86522,0.197725
13.86812,0.187188
13.87102,0.177053
13.87392,0.167028
13.87683,0.156314
13.87973,0.144360
13.88263,0.131411
13.88553,0.118350
13.88844,0.106137
13.89134,0.095309
13.89424,0.085624
13.89714,0.076376
13.90005,0.067158
13.90295,0.058161
13.90585,0.049811
13.90875,0.042409
13.91166,0.036093
13.91456,0.030875
13.91746,0.026793
13.92036,0.023913
13.92327,0.022175
13.92617,0.021367
13.92907,0.021120
13.93197,0.021059
13.93488,0.021002
13.93778,0.020981
13.94068,0.021150
13.94358,0.021667
13.94649,0.022549
13.94939,0.023670
13.95229,0.024948
13.95519,0.026535
13.95810,0.028718
13.96100,0.031673
13.96390,0.035342
13.96680,0.039551
13.96971,0.044081
13.97261,0.048587
13.97551,0.052690
13.97841,0.056422
13.98132,0.061080
13.98422,0.070070
13.98712,0.088352
13.99002,0.119179
13.99293,0.162186
13.99583,0.214508
13.99873,0.272349
14.00163,0.332019
14.00454,0.390488
14.00744,0.445663
14.01034,0.496613
14.01324,0.543587
14.01615,0.587289
14.01905,0.628088
14.02195,0.665229
14.02485,0.696954
14.02776,0.721532
14.03066,0.738608
14.03356,0.748568
14.03646,0.751446
14.03937,0.747258
14.04227,0.737380
14.04517,0.724425
14.04807,0.710954
14.05098,0.698478
14.05388,0.687082
14.05678,0.675739
14.05968,0.663234
14.06259,0.649323
14.06549,0.634960
14.06839,0.621564
14.07129,0.609720
14.07420,0.598915
14.07710,0.588211
14.08000,0.577439
14.08290,0.567329
14.08580,0.558694
14.08871,0.551802
14.09161,0.546301
14.09451,0.541387
14.09741,0.535946
14.10032,0.529038
14.10322,0.520587
14.10612,0.511576
14.10902,0.503243
14.11193,0.496169
14.11483,0.489901
14.11773,0.483025
14.12063,0.474077
14.12354,0.462571
14.12644,0.449559
14.12934,0.437094
14.13224,0.427235
14.13515,0.421131
14.13805,0.418464
14.14095,0.417404
14.14385,0.415136
14.14676,0.409010
14.14966,0.397300
14.15256,0.379203
14.15546,0.354265
14.15837,0.322229
14.16127,0.283428
14.16417,0.239641
14.16707,0.194373
14.16998,0.151933
14.17288,0.115942
14.17578,0.088273
14.17868,0.068712
14.18159,0.055275
14.18449,0.045434
14.18739,0.037726
14.19029,0.032526
14.19320,0.033127
14.19610,0.043360
14.19900,0.060970
14.20190,0.081251
14.20481,0.100394
14.20771,0.115703
14.21061,0.125414
14.21351,0.128807
14.21642,0.126350
14.21932,0.119593
14.22222,0.110675
14.22512,0.101514
14.22803,0.093021
14.23093,0.084951
14.23383,0.076579
14.23673,0.067936
14.23964,0.060049
14.24254,0.053583
14.24544,0.048373
14.24834,0.044187
14.25125,0.041441
14.25415,0.040907
14.25705,0.043876
14.25995,0.052364
14.26286,0.068551
14.26576,0.093677
14.26866,0.127586
14.27156,0.168653
14.27447,0.214262
14.27737,0.261482
14.28027,0.307413
14.28317,0.349196
14.28608,0.384416
14.28898,0.411845
14.29188,0.431828
14.29478,0.445862
14.29769,0.456048
14.30059,0.464425
14.30349,0.472535
14.30639,0.481152
14.30930,0.490137
14.31220,0.498495
14.31510,0.504900
14.31800,0.508389
14.32091,0.508660
14.32381,0.505750
14.32671,0.500062
14.32961,0.492705
14.33252,0.485160
14.33542,0.478629
14.33832,0.473706
14.34122,0.470589
14.34413,0.469118
14.34703,0.468442
14.34993,0.466738
14.35283,0.462177
14.35574,0.454517
14.35864,0.445107
14.36154,0.435381
14.36444,0.426048
14.36735,0.417422
14.37025,0.409638
14.37315,0.402221
14.37605,0.393882
14.37896,0.382656
14.38186,0.366534
14.38476,0.344451
14.38766,0.317186
14.39057,0.287332
14.39347,0.258587
14.39637,0.235260
14.39927,0.221597
14.40218,0.219964
14.40508,0.229365
14.40798,0.245858
14.41088,0.264445
14.41379,0.280855
14.41669,0.292730
14.41959,0.299785
14.42249,0.302844
14.42540,0.303192
14.42830,0.302135
14.43120,0.300869
14.43410,0.300404
14.43701,0.301188
14.43991,0.302908
14.44281,0.304768
14.44571,0.305878
14.44862,0.305632
14.45152,0.303728
14.45442,0.300190
14.45732,0.295587
14.46023,0.290727
14.46313,0.285998
14.46603,0.281212
14.46893,0.276184
14.47184,0.271046
14.47474,0.265888
14.47764,0.260256
14.48054,0.253015
14.48345,0.243094
14.48635,0.230240
14.48925,0.215113
14.49215,0.198982
14.49506,0.183143
14.49796,0.168470
14.50086,0.155309
14.50376,0.143443
14.50667,0.132734
14.50957,0.124981
14.51247,0.125886
14.51537,0.143006
14.51828,0.178364
14.52118,0.226840
14.52408,0.281195
14.52698,0.335463
14.52989,0.385839
14.53279,0.430222
14.53569,0.466400
14.53859,0.492371
14.54150,0.507924
14.54440,0.515164
14.54730,0.517600
14.55020,0.518489
14.55311,0.520132
14.55601,0.523547
14.55891,0.527647
14.56181,0.528987
14.56472,0.523676
14.56762,0.510900
14.57052,0.493687
14.57342,0.476308
14.57633,0.461618
14.57923,0.450471
14.58213,0.442397
14.58503,0.435519
14.58794,0.427536
14.59084,0.417592
14.59374,0.406751
14.59664,0.397011
14.59955,0.390124
14.60245,0.386646
14.60535,0.385863
14.60825,0.386397
14.61116,0.386960
14.61406,0.386960
14.61696,0.386485
14.61986,0.385998
14.62277,0.386075
14.62567,0.387186
14.62857,0.389589
14.63147,0.393246
14.63438,0.397748
14.63728,0.402565
14.64018,0.407556
14.64308,0.412753
14.64599,0.417739
14.64889,0.421759
14.65179,0.424307
14.65469,0.425543
14.65760,0.425979
14.66050,0.425808
14.66340,0.424657
14.66630,0.421787
14.66921,0.416429
14.67211,0.408180
14.67501,0.397073
14.67791,0.383324
14.68082,0.366918
14.68372,0.347418
14.68662,0.324159
14.68952,0.296911
14.69243,0.267064
14.69533,0.238731
14.69823,0.218775
14.70113,0.213377
14.70404,0.222530
14.70694,0.239575
14.70984,0.256447
14.71274,0.267707
14.71565,0.271538
14.71855,0.269113
14.72145,0.263207
14.72435,0.256725
14.72726,0.251477
14.73016,0.247591
14.73306,0.244082
14.73596,0.239975
14.73887,0.235018
14.74177,0.229680
14.74467,0.224288
14.74757,0.218310
14.75048,0.210432
14.75338,0.199432
14.75628,0.185779
14.75918,0.173136
14.76209,0.168118
14.76499,0.176787
14.76789,0.199552
14.77079,0.230973
14.77370,0.263998
14.77660,0.293068
14.77950,0.315128
14.78240,0.329301
14.78531,0.336309
14.78821,0.337986
14.79111,0.336768
14.79401,0.334830
14.79692,0.333392
14.79982,0.332665
14.80272,0.332174
14.80562,0.331008
14.80853,0.328216
14.81143,0.323206
14.81433,0.315921
14.81723,0.306867
14.82014,0.297216
14.82304,0.288617
14.82594,0.282512
14.82884,0.279725
14.83175,0.280189
14.83465,0.282889
14.83755,0.286394
14.84045,0.289560
14.84336,0.291980
14.84626,0.293718
14.84916,0.294786
14.85206,0.295183
14.85497,0.295307
14.85787,0.295952
14.86077,0.297893
14.86367,0.301406
14.86658,0.306101
14.86948,0.311250
14.87238,0.316171
14.87528,0.320414
14.87819,0.323743
14.88109,0.326108
14.88399,0.327618
14.88689,0.328499
14.88980,0.329007
14.89270,0.329343
14.89560,0.329301
14.89850,0.328321
14.90141,0.326055
14.90431,0.322860
14.90721,0.319319
14.91011,0.315567
14.91302,0.311328
14.91592,0.306581
14.91882,0.301900
14.92172,0.298136
14.92463,0.295854
14.92753,0.294991
14.93043,0.294843
14.93333,0.294402
14.93624,0.292903
14.93914,0.290387
14.94204,0.287951
14.94494,0.286894
14.94785,0.287286
14.95075,0.287365
14.95365,0.284343
14.95655,0.275581
14.95946,0.259496
14.96236,0.236059
14.96526,0.206906
14.96816,0.175008
14.97107,0.144249
14.97397,0.119656
14.97687,0.107386
14.97977,0.111381
14.98268,0.128780
14.98558,0.153274
14.98848,0.180157
14.99138,0.206785
14.99429,0.231619
14.99719,0.253418
15.00009,0.271043
15.00299,0.284184
15.00590,0.294064
15.00880,0.303135
15.01170,0.313958
15.01460,0.327962
15.01751,0.344245
15.02041,0.359376
15.02331,0.369312
15.02621,0.372227
15.02912,0.369067
15.03202,0.362135
15.03492,0.353836
15.03782,0.346037
15.04073,0.339777
15.04363,0.335302
15.04653,0.332426
15.04943,0.330786
15.05234,0.329977
15.05524,0.329564
15.05814,0.329125
15.06104,0.328467
15.06395,0.327975
15.06685,0.328540
15.06975,0.330997
15.07265,0.335661
15.07556,0.342182
15.07846,0.349645
15.08136,0.356984
15.08426,0.363428
15.08717,0.368649
15.09007,0.372596
15.09297,0.375250
15.09587,0.376552
15.09878,0.376508
15.10168,0.375537
15.10458,0.374691
15.10748,0.375330
15.11039,0.378276
15.11329,0.383272
15.11619,0.389206
15.11909,0.394917
15.12200,0.399753
15.12490,0.403772
15.12780,0.407509
15.13070,0.411518
15.13361,0.416152
15.13651,0.421555
15.13941,0.427679
15.14231,0.434202
15.14522,0.440395
15.14812,0.445292
15.15102,0.448362
15.15392,0.449962
15.15683,0.451084
15.15973,0.452373
15.16263,0.453687
15.16553,0.454622
15.16844,0.455345
15.17134,0.456722
15.17424,0.459928
15.17714,0.465852
15.18005,0.474568
15.18295,0.485298
15.18585,0.496784
15.18875,0.508002
15.19166,0.518681
15.19456,0.529006
15.19746,0.538560
15.20036,0.545666
15.20327,0.547540
15.20617,0.541174
15.20907,0.524339
15.21197,0.496340
15.21488,0.458382
15.21778,0.413561
15.22068,0.366562
15.22358,0.323110
15.22649,0.289017
15.22939,0.268173
15.23229,0.260400
15.23519,0.261829
15.23810,0.267865
15.24100,0.275562
15.24390,0.284031
15.24680,0.293994
15.24971,0.307109
15.25261,0.324973
15.25551,0.348002
15.25841,0.374994
15.26132,0.403630
15.26422,0.431202
15.26712,0.454932
15.27002,0.472262
15.27293,0.481842
15.27583,0.484516
15.27873,0.483200
15.28163,0.481263
15.28454,0.481171
15.28744,0.483914
15.29034,0.489131
15.29324,0.495750
15.29615,0.502880
15.29905,0.510150
15.30195,0.517434
15.30485,0.524568
15.30776,0.531081
15.31066,0.536038
15.31356,0.538243
15.31646,0.536968
15.31937,0.532637
15.32227,0.526737
15.32517,0.521066
15.32807,0.516896
15.33098,0.514651
15.33388,0.513825
15.33678,0.513441
15.33968,0.512824
15.34259,0.512064
15.34549,0.511854
15.34839,0.512907
15.35129,0.515351
15.35420,0.518284
15.35710,0.519982
15.36000,0.518589
15.36290,0.513192
15.36580,0.504476
15.36871,0.494308
15.37161,0.484584
15.37451,0.476311
15.37741,0.469201
15.38032,0.461784
15.38322,0.452256
15.38612,0.439726
15.38902,0.424867
15.39193,0.409662
15.39483,0.396720
15.39773,0.388354
15.40063,0.385698
15.40354,0.388108
15.40644,0.393459
15.40934,0.399550
15.41224,0.405254
15.41515,0.410602
15.41805,0.416138
15.42095,0.422227
15.42385,0.428545
15.42676,0.433905
15.42966,0.436736
15.43256,0.435858
15.43546,0.431073
15.43837,0.423124
15.44127,0.413401
15.44417,0.403427
15.44707,0.394138
15.44998,0.385237
15.45288,0.375139
15.45578,0.361971
15.45868,0.344836
15.46159,0.324337
15.46449,0.302136
15.46739,0.280363
15.47029,0.261285
15.47320,0.247585
15.47610,0.243300
15.47900,0.253519
15.48190,0.281796
15.48481,0.327257
15.48771,0.384937
15.49061,0.447893
15.49351,0.508939
15.49642,0.561942
15.49932,0.603062
15.50222,0.631055
15.50512,0.646477
15.50803,0.650489
15.51093,0.643931
15.51383,0.627164
15.51673,0.600273
15.51964,0.564257
15.52254,0.522183
15.52544,0.476752
15.52834,0.429208
15.53125,0.381599
15.53415,0.337955
15.53705,0.302465
15.53995,0.276968
15.54286,0.261139
15.54576,0.253780
15.54866,0.253699
15.55156,0.259852
15.55447,0.270783
15.55737,0.283719
15.56027,0.293770
15.56317,0.295321
15.56608,0.287229
15.56898,0.274487
15.57188,0.263183
15.57478,0.256946
15.57769,0.256618
15.58059,0.260856
15.58349,0.266631
15.58639,0.270447
15.58930,0.270302
15.59220,0.266511
15.59510,0.260749
15.59800,0.255085
15.60091,0.251629
15.60381,0.251680
15.60671,0.255276
15.60961,0.261529
15.61252,0.269289
15.61542,0.277670
15.61832,0.286304
15.62122,0.295326
15.62413,0.305111
15.62703,0.316142
15.62993,0.328774
15.63283,0.342695
15.63574,0.356668
15.63864,0.369404
15.64154,0.380458
15.64444,0.390160
15.64735,0.398653
15.65025,0.405230
15.65315,0.408400
15.65605,0.406388
15.65896,0.397208
15.66186,0.378897
15.66476,0.350379
15.66766,0.312341
15.67057,0.267301
15.67347,0.218819
15.67637,0.170757
15.67927,0.126648
15.68218,0.089385
15.68508,0.060999
15.68798,0.042284
15.69088,0.031935
15.69379,0.026723
15.69669,0.024012
15.69959,0.022741
15.70249,0.022286
15.70540,0.022140
15.70830,0.022057
15.71120,0.022198
15.71410,0.023102
15.71701,0.025371
15.71991,0.029777
15.72281,0.037410
15.72571,0.050069
15.72862,0.070033
15.73152,0.097667
15.73442,0.130372
15.73732,0.164035
15.74023,0.194556
15.74313,0.218562
15.74603,0.233703
15.74893,0.239004
15.75184,0.235240
15.75474,0.225144
15.75764,0.212818
15.76054,0.202186
15.76345,0.195092
15.76635,0.190713
15.76925,0.186800
15.77215,0.181462
15.77506,0.173836
15.77796,0.163856
15.78086,0.152101
15.78376,0.139879
15.78667,0.129665
15.78957,0.125814
15.79247,0.133630
15.79537,0.155076
15.79828,0.186857
15.80118,0.223677
15.80408,0.261217
15.80698,0.296986
15.80989,0.330133
15.81279,0.360840
15.81569,0.389602
15.81859,0.416824
15.82150,0.442403
15.82440,0.465620
15.82730,0.485434
15.83020,0.501261
15.83311,0.513299
15.83601,0.522166
15.83891,0.528678
15.84181,0.533516
15.84472,0.537241
15.84762,0.540426
15.85052,0.543683
15.85342,0.547305
15.85633,0.550820
15.85923,0.552941
15.86213,0.552013
15.86503,0.547008
15.86794,0.538253
15.87084,0.527568
15.87374,0.517486
15.87664,0.510384
15.87955,0.507460
15.88245,0.508306
15.88535,0.511250
15.88825,0.514103
15.89116,0.515173
15.89406,0.513873
15.89696,0.510818
15.89986,0.507426
15.90277,0.505354
15.90567,0.505338
15.90857,0.506436
15.91147,0.506440
15.91438,0.502649
15.91728,0.492566
15.92018,0.474282
15.92308,0.446737
15.92599,0.409787
15.92889,0.364364
15.93179,0.312487
15.93469,0.257289
15.93760,0.203007
15.94050,0.154487
15.94340,0.115839
15.94630,0.088585
15.94921,0.070539
15.95211,0.057503
15.95501,0.046607
15.95791,0.037453
15.96082,0.031459
15.96372,0.031186
15.96662,0.038185
15.96952,0.051715
15.97243,0.071337
15.97533,0.099294
15.97823,0.137742
15.98113,0.185180
15.98404,0.236818
15.98694,0.286537
15.98984,0.328175
15.99274,0.356573
15.99565,0.369055
15.99855,0.366276
16.00145,0.352064
16.00435,0.332045
16.00726,0.311602
16.01016,0.293858
16.01306,0.278906
16.01596,0.264891
16.01887,0.250511
16.02177,0.236108
16.02467,0.222795
16.02757,0.210945
16.03048,0.199715
16.03338,0.187682
16.03628,0.173876
16.03918,0.158662
16.04209,0.143397
16.04499,0.129204
16.04789,0.116367
16.05079,0.104494
16.05370,0.093017
16.05660,0.081586
16.05950,0.070273
16.06240,0.059790
16.06531,0.052561
16.06821,0.056102
16.07111,0.078366
16.07401,0.116793
16.07692,0.164560
16.07982,0.215254
16.08272,0.263327
16.08562,0.304449
16.08853,0.335612
16.09143,0.355155
16.09433,0.362944
16.09723,0.360540
16.10014,0.351059
16.10304,0.338395
16.10594,0.326011
16.10884,0.316111
16.11175,0.309682
16.11465,0.306925
16.11755,0.307212
16.12045,0.309215
16.12336,0.311373
16.12626,0.312556
16.12916,0.312412
16.13206,0.311305
16.13497,0.310040
16.13787,0.309382
16.14077,0.309738
16.14367,0.310948
16.14658,0.312525
16.14948,0.313947
16.15238,0.314905
16.15528,0.315272
16.15819,0.314978
16.16109,0.313971
16.16399,0.312241
16.16689,0.309997
16.16980,0.307603
16.17270,0.305313
16.17560,0.303131
16.17850,0.300959
16.18141,0.298845
16.18431,0.297068
16.18721,0.296161
16.19011,0.296691
16.19302,0.299082
16.19592,0.303473
16.19882,0.309669
16.20172,0.317090
16.20463,0.324995
16.20753,0.332756
16.21043,0.340022
16.21333,0.346910
16.21624,0.353809
16.21914,0.361172
16.22204,0.369296
16.22494,0.378244
16.22785,0.387725
16.23075,0.397203
16.23365,0.406175
16.23655,0.414466
16.23946,0.422479
16.24236,0.431068
16.24526,0.441289
16.24816,0.453985
16.25107,0.469625
16.25397,0.488064
16.25687,0.508563
16.25977,0.530246
16.26268,0.552587
16.26558,0.575653
16.26848,0.599508
16.27138,0.623442
16.27429,0.645992
16.27719,0.665829
16.28009,0.682093
16.28299,0.694399
16.28590,0.702970
16.28880,0.708277
16.29170,0.710701
16.29460,0.710516
16.29751,0.708380
16.30041,0.705303
16.30331,0.702442
16.30621,0.700607
16.30912,0.699824
16.31202,0.699284
16.31492,0.697990
16.31782,0.695437
16.32073,0.691659
16.32363,0.686634
16.32653,0.680033
16.32943,0.671421
16.33234,0.660444
16.33524,0.647225
16.33814,0.632587
16.34104,0.617869
16.34395,0.604587
16.34685,0.593182
16.34975,0.582406
16.35265,0.570700
16.35556,0.558073
16.35846,0.546002
16.36136,0.535731
16.36426,0.527586
16.36717,0.521280
16.37007,0.516279
16.37297,0.511687
16.37587,0.506721
16.37878,0.500886
16.38168,0.494395
16.38458,0.488306
16.38748,0.484252
16.39039,0.483070
16.39329,0.484101
16.39619,0.485334
16.39909,0.484169
16.40200,0.478907
16.40490,0.470320
16.40780,0.460929
16.41070,0.452619
16.41361,0.445453
16.41651,0.438404
16.41941,0.430515
16.42231,0.421232
16.42522,0.410868
16.42812,0.400350
16.43102,0.390701
16.43392,0.382493
16.43683,0.376146
16.43973,0.372236
16.44263,0.371640
16.44553,0.375156
16.44844,0.383051
16.45134,0.394627
16.45424,0.408459
16.45714,0.422792
16.46005,0.436036
16.46295,0.447125
16.46585,0.455681
16.46875,0.462173
16.47166,0.467457
16.47456,0.472313
16.47746,0.477228
16.48036,0.482605
16.48327,0.488496
16.48617,0.494804
16.48907,0.501456
16.49197,0.508516
16.49488,0.515903
16.49778,0.523402
16.50068,0.530759
16.50358,0.538002
16.50649,0.545493
16.50939,0.553546
16.51229,0.561932
16.51519,0.569628
16.51810,0.575132
16.52100,0.577032
16.52390,0.574954
16.52680,0.570064
16.52971,0.564646
16.53261,0.561073
16.53551,0.560013
16.53841,0.560657
16.54132,0.561787
16.54422,0.562386
16.54712,0.562129
16.55002,0.561068
16.55293,0.559109
16.55583,0.555690
16.55873,0.549394
16.56163,0.538786
16.56454,0.524356
16.56744,0.508941
16.57034,0.495722
16.57324,0.486663
16.57615,0.482175
16.57905,0.480999
16.58195,0.481003
16.58485,0.479520
16.58776,0.474783
16.59066,0.467291
16.59356,0.458573
16.59646,0.449678
16.59937,0.441009
16.60227,0.432638
16.60517,0.424190
16.60807,0.415424
16.61098,0.406533
16.61388,0.398272
16.61678,0.391565
16.61968,0.387012
16.62259,0.384751
16.62549,0.384450
16.62839,0.385431
16.63129,0.386682
16.63420,0.387225
16.63710,0.386313
16.64000,0.384169
16.64290,0.381648
16.64580,0.379277
16.64871,0.376627
16.65161,0.372967
16.65451,0.368042
16.65741,0.362146
16.66032,0.355984
16.66322,0.350320
16.66612,0.345731
16.66902,0.342220
16.67193,0.339374
16.67483,0.336613
16.67773,0.333686
16.68063,0.330761
16.68354,0.328294
16.68644,0.326738
16.68934,0.326272
16.69224,0.326814
16.69515,0.327969
16.69805,0.329352
16.70095,0.330532
16.70385,0.331088
16.70676,0.330764
16.70966,0.329721
16.71256,0.328458
16.71546,0.327565
16.71837,0.327580
16.72127,0.328717
16.72417,0.330784
16.72707,0.333175
16.72998,0.335275
16.73288,0.336729
16.73578,0.337536
16.73868,0.337798
16.74159,0.337650
16.74449,0.337397
16.74739,0.337357
16.75029,0.337612
16.75320,0.338065
16.75610,0.338704
16.75900,0.339555
16.76190,0.340713
16.76481,0.342214
16.76771,0.343879
16.77061,0.345371
16.77351,0.346240
16.77642,0.346025
16.77932,0.344564
16.78222,0.342140
16.78512,0.339350
16.78803,0.337023
16.79093,0.335836
16.79383,0.335941
16.79673,0.337059
16.79964,0.338698
16.80254,0.340373
16.80544,0.341838
16.80834,0.343231
16.81125,0.344954
16.81415,0.347193
16.81705,0.349766
16.81995,0.352506
16.82286,0.355626
16.82576,0.359357
16.82866,0.363682
16.83156,0.368329
16.83447,0.372701
16.83737,0.376165
16.84027,0.378444
16.84317,0.379674
16.84608,0.379787
16.84898,0.378068
16.85188,0.373629
16.85478,0.366434
16.85769,0.357536
16.86059,0.348397
16.86349,0.339707
16.86639,0.331198
16.86930,0.322341
16.87220,0.313127
16.87510,0.304000
16.87800,0.295475
16.88091,0.287863
16.88381,0.281200
16.88671,0.275374
16.88961,0.270252
16.89252,0.265841
16.89542,0.262025
16.89832,0.258573
16.90122,0.255445
16.90413,0.252831
16.90703,0.250747
16.90993,0.248829
16.91283,0.246468
16.91574,0.243376
16.91864,0.239986
16.92154,0.237331
16.92444,0.236324
16.92735,0.237191
16.93025,0.239349
16.93315,0.241660
16.93605,0.242941
16.93896,0.242546
16.94186,0.240829
16.94476,0.238684
16.94766,0.236794
16.95057,0.235316
16.95347,0.234248
16.95637,0.233506
16.95927,0.232868
16.96218,0.232010
16.96508,0.230690
16.96798,0.228905
16.97088,0.226857
16.97379,0.224835
16.97669,0.222997
16.97959,0.221395
16.98249,0.220133
16.98540,0.219408
16.98830,0.219418
16.99120,0.220271
16.99410,0.221882
16.99701,0.223705
16.99991,0.224872
17.00281,0.224807
17.00571,0.223789
17.00862,0.222728
17.01152,0.222487
17.01442,0.223370
17.01732,0.224933
17.02023,0.225999
17.02313,0.225294
17.02603,0.222270
17.02893,0.217276
17.03184,0.211213
17.03474,0.204944
17.03764,0.198846
17.04054,0.192858
17.04345,0.186812
17.04635,0.180738
17.04925,0.174869
17.05215,0.169445
17.05506,0.164565
17.05796,0.160198
17.06086,0.156240
17.06376,0.152680
17.06667,0.149601
17.06957,0.147049
17.07247,0.144963
17.07537,0.143177
17.07828,0.141449
17.08118,0.139532
17.08408,0.137338
17.08698,0.134849
17.08989,0.132028
17.09279,0.128822
17.09569,0.125151
17.09859,0.120849
17.10150,0.115791
17.10440,0.110046
17.10730,0.103779
17.11020,0.097002
17.11311,0.089540
17.11601,0.081202
17.11891,0.072051
17.12181,0.062483
17.12472,0.053110
17.12762,0.044516
17.13052,0.037111
17.13342,0.031113
17.13633,0.026577
17.13923,0.023355
17.14213,0.021158
17.14503,0.019732
17.14794,0.018877
17.15084,0.018425
17.15374,0.018294
17.15664,0.018449
17.15955,0.018791
17.16245,0.019132
17.16535,0.019251
17.16825,0.018991
17.17116,0.018323
17.17406,0.017367
17.17696,0.016366
17.17986,0.015614
17.18277,0.015337
17.18567,0.015563
17.18857,0.016132
17.19147,0.016833
17.19438,0.017506
17.19728,0.018013
17.20018,0.018207
17.20308,0.017995
17.20599,0.017409
17.20889,0.016609
17.21179,0.015857
17.21469,0.015420
17.21760,0.015418
17.22050,0.015751
17.22340,0.016190
17.22630,0.016496
17.22921,0.016509
17.23211,0.016200
17.23501,0.015619
17.23791,0.014833
17.24082,0.013904
17.24372,0.012911
17.24662,0.011977
17.24952,0.011272
17.25243,0.010954
17.25533,0.011065
17.25823,0.011464
17.26113,0.011967
17.26404,0.012492
17.26694,0.013049
17.26984,0.013664
17.27274,0.014338
17.27565,0.015033
17.27855,0.015685
17.28145,0.016211
17.28435,0.016535
17.28726,0.016585
17.29016,0.016317
17.29306,0.015764
17.29596,0.015065
17.29887,0.014415
17.30177,0.013956
17.30467,0.013722
17.30757,0.013655
17.31048,0.013662
17.31338,0.013668
17.31628,0.013640
17.31918,0.013612
17.32209,0.013666
17.32499,0.013874
17.32789,0.014226
17.33079,0.014637
17.33370,0.015002
17.33660,0.015237
17.33950,0.015289
17.34240,0.015139
17.34531,0.014799
17.34821,0.014322
17.35111,0.013797
17.35401,0.013333
17.35692,0.013030
17.35982,0.012939
17.36272,0.013040
17.36562,0.013254
17.36853,0.013483
17.37143,0.013659
17.37433,0.013776
17.37723,0.013866
17.38014,0.013972
17.38304,0.014102
17.38594,0.014208
17.38884,0.014245
17.39175,0.014211
17.39465,0.014137
17.39755,0.014069
17.40045,0.014040
17.40336,0.014052
17.40626,0.014071
17.40916,0.014087
17.41206,0.014132
17.41497,0.014244
17.41787,0.014473
17.42077,0.014956
17.42367,0.015877
17.42658,0.017286
17.42948,0.019039
17.43238,0.020901
17.43528,0.022645
17.43819,0.024070
17.44109,0.024984
17.44399,0.025233
17.44689,0.024768
17.44980,0.023710
17.45270,0.022307
17.45560,0.020839
17.45850,0.019520
17.46141,0.018449
17.46431,0.017621
17.46721,0.016934
17.47011,0.016250
17.47302,0.015503
17.47592,0.014745
17.47882,0.014085
17.48172,0.013598
17.48463,0.013261
17.48753,0.012994
17.49043,0.012724
17.49333,0.012362
17.49624,0.011814
17.49914,0.011060
17.50204,0.010180
17.50494,0.009297
17.50785,0.008525
17.51075,0.007918
17.51365,0.008012
17.51655,0.012222
17.51946,0.023967
17.52236,0.042616
17.52526,0.065251
17.52816,0.086926
17.53107,0.101834
17.53397,0.107293
17.53687,0.104463
17.53977,0.096620
17.54268,0.088388
17.54558,0.085735
17.54848,0.094273
17.55138,0.115305
17.55429,0.146178
17.55719,0.183238
17.56009,0.222615
17.56299,0.260169
17.56590,0.292680
17.56880,0.319519
17.57170,0.342669
17.57460,0.364645
17.57751,0.386581
17.58041,0.407797
17.58331,0.426631
17.58621,0.441255
17.58912,0.450981
17.59202,0.456663
17.59492,0.459231
17.59782,0.458564
17.60073,0.455188
17.60363,0.450987
17.60653,0.448264
17.60943,0.448553
17.61234,0.452227
17.61524,0.458938
17.61814,0.468394
17.62104,0.480724
17.62395,0.496162
17.62685,0.514454
17.62975,0.534280
17.63265,0.553409
17.63556,0.569306
17.63846,0.580290
17.64136,0.586378
17.64426,0.589000
17.64717,0.589307
17.65007,0.587620
17.65297,0.584175
17.65587,0.579953
17.65878,0.575909
17.66168,0.572556
17.66458,0.570360
17.66748,0.570122
17.67039,0.572567
17.67329,0.577800
17.67619,0.585238
17.67909,0.593578
17.68200,0.601047
17.68490,0.605705
17.68780,0.605946
17.69070,0.601057
17.69361,0.591650
17.69651,0.579367
17.69941,0.566172
17.70231,0.553900
17.70522,0.544465
17.70812,0.539690
17.71102,0.540460
17.71392,0.546120
17.71683,0.554836
17.71973,0.564635
17.72263,0.573888
17.72553,0.581380
17.72844,0.586436
17.73134,0.589106
17.73424,0.590146
17.73714,0.590595
17.74005,0.591491
17.74295,0.593454
17.74585,0.596577
17.74875,0.600574
17.75166,0.604856
17.75456,0.608565
17.75746,0.610736
17.76036,0.610629
17.76327,0.607932
17.76617,0.602682
17.76907,0.595161
17.77197,0.586216
17.77488,0.577200
17.77778,0.569779
17.78068,0.565535
17.78358,0.565436
17.78649,0.569438
17.78939,0.576452
17.79229,0.584880
17.79519,0.593589
17.79810,0.602768
17.80100,0.613618
17.80390,0.627278
17.80680,0.643761
17.80971,0.661640
17.81261,0.678310
17.81551,0.690724
17.81841,0.696797
17.82132,0.696225
17.82422,0.690532
17.82712,0.682117
17.83002,0.673402
17.83293,0.665616
17.83583,0.658337
17.83873,0.650264
17.84163,0.639920
17.84454,0.626312
17.84744,0.609359
17.85034,0.589749
17.85324,0.568006
17.85615,0.544107
17.85905,0.517686
17.86195,0.488747
17.86485,0.458392
17.86776,0.428893
17.87066,0.403200
17.87356,0.384068
17.87646,0.373748
17.87937,0.373592
17.88227,0.383632
17.88517,0.402380
17.88807,0.427250
17.89098,0.455502
17.89388,0.484849
17.89678,0.513373
17.89968,0.539522
17.90259,0.562344
17.90549,0.580827
17.90839,0.593376
17.91129,0.598971
17.91420,0.598520
17.91710,0.594402
17.92000,0.589314
17.92290,0.585445
17.92580,0.584001
17.92871,0.585122
17.93161,0.587842
17.93451,0.590291
17.93741,0.590077
17.94032,0.584934
17.94322,0.573296
17.94612,0.554197
17.94902,0.526601
17.95193,0.489644
17.95483,0.444013
17.95773,0.392155
17.96063,0.337642
17.96354,0.284399
17.96644,0.235822
17.96934,0.193836
17.97224,0.158219
17.97515,0.127250
17.97805,0.099551
17.98095,0.075580
17.98385,0.057688
17.98676,0.049352
17.98966,0.052259
17.99256,0.063481
17.99546,0.079271
17.99837,0.097605
18.00127,0.117267
18.00417,0.137504
18.00707,0.157851
18.00998,0.177977
18.01288,0.197522
18.01578,0.215899
18.01868,0.232209
18.02159,0.245275
18.02449,0.253827
18.02739,0.257125
18.03029,0.255693
18.03320,0.251008
18.03610,0.244505
18.03900,0.237022
18.04190,0.229054
18.04481,0.221266
18.04771,0.215216
18.05061,0.213549
18.05351,0.219176
18.05642,0.233613
18.05932,0.255928
18.06222,0.283556
18.06512,0.313962
18.06803,0.345619
18.07093,0.377819
18.07383,0.409834
18.07673,0.440439
18.07964,0.468505
18.08254,0.493779
18.08544,0.516835
18.08834,0.538602
18.09125,0.559874
18.09415,0.580812
18.09705,0.600536
18.09995,0.617468
18.10286,0.630352
18.10576,0.639067
18.10866,0.644289
18.11156,0.646681
18.11447,0.646490
18.11737,0.643394
18.12027,0.637144
18.12317,0.628246
18.12608,0.618204
18.12898,0.608715
18.13188,0.600695
18.13478,0.593803
18.13769,0.586482
18.14059,0.576529
18.14349,0.561858
18.14639,0.541559
18.14930,0.516227
18.15220,0.487339
18.15510,0.456242
18.15800,0.423895
18.16091,0.391335
18.16381,0.360388
18.16671,0.333839
18.16961,0.314296
18.17252,0.302641
18.17542,0.297741
18.17832,0.297723
18.18122,0.301111
18.18413,0.307091
18.18703,0.315092
18.18993,0.324236
18.19283,0.333459
18.19574,0.341864
18.19864,0.348621
18.20154,0.352736
18.20444,0.353191
18.20735,0.349185
18.21025,0.340451
18.21315,0.327596
18.21605,0.312206
18.21896,0.296615
18.22186,0.283104
18.22476,0.272849
18.22766,0.265532
18.23057,0.259989
18.23347,0.255232
18.23637,0.251412
18.23927,0.249857
18.24218,0.252117
18.24508,0.259245
18.24798,0.271588
18.25088,0.289233
18.25379,0.312344
18.25669,0.341111
18.25959,0.375336
18.26249,0.414039
18.26540,0.455687
18.26830,0.498346
18.27120,0.539782
18.27410,0.578011
18.27701,0.611970
18.27991,0.641130
18.28281,0.664456
18.28571,0.680431
18.28862,0.687867
18.29152,0.686632
18.29442,0.677425
18.29732,0.661517
18.30023,0.640251
18.30313,0.614732
18.30603,0.585696
18.30893,0.553630
18.31184,0.519186
18.31474,0.483942
18.31764,0.450730
18.32054,0.422924
18.32345,0.402959
18.32635,0.391530
18.32925,0.388033
18.33215,0.391434
18.33506,0.400960
18.33796,0.416183
18.34086,0.436833
18.34376,0.462374
18.34667,0.491345
18.34957,0.520816
18.35247,0.547171
18.35537,0.568134
18.35828,0.583720
18.36118,0.594835
18.36408,0.601931
18.36698,0.605366
18.36989,0.606116
18.37279,0.605451
18.37569,0.604312
18.37859,0.602764
18.38150,0.599984
18.38440,0.595151
18.38730,0.588641
18.39020,0.582094
18.39311,0.577241
18.39601,0.574739
18.39891,0.573833
18.40181,0.572876
18.40472,0.570702
18.40762,0.567443
18.41052,0.563538
18.41342,0.559024
18.41633,0.553966
18.41923,0.548975
18.42213,0.544943
18.42503,0.542714
18.42794,0.542707
18.43084,0.544691
18.43374,0.547987
18.43664,0.551872
18.43955,0.555940
18.44245,0.560074
18.44535,0.564112
18.44825,0.567581
18.45116,0.569958
18.45406,0.571101
18.45696,0.571652
18.45986,0.572779
18.46277,0.575490
18.46567,0.580186
18.46857,0.586734
18.47147,0.594583
18.47438,0.602665
18.47728,0.609746
18.48018,0.615022
18.48308,0.618666
18.48599,0.621559
18.48889,0.624701
18.49179,0.628438
18.49469,0.632006
18.49760,0.633603
18.50050,0.631283
18.50340,0.624353
18.50630,0.613778
18.50921,0.601712
18.51211,0.590091
18.51501,0.579798
18.51791,0.570555
18.52082,0.561429
18.52372,0.551741
18.52662,0.541282
18.52952,0.530089
18.53243,0.518229
18.53533,0.504539
18.53823,0.487783
18.54113,0.468193
18.54404,0.447390
18.54694,0.427444
18.54984,0.409753
18.55274,0.394824
18.55565,0.382451
18.55855,0.371565
18.56145,0.360227
18.56435,0.346695
18.56726,0.331192
18.57016,0.315955
18.57306,0.303420
18.57596,0.294703
18.57887,0.289351
18.58177,0.286026
18.58467,0.282649
18.58757,0.277185
18.59048,0.269248
18.59338,0.260548
18.59628,0.253649
18.59918,0.250351
18.60209,0.250791
18.60499,0.253706
18.60789,0.257506
18.61079,0.261446
18.61370,0.266330
18.61660,0.274252
18.61950,0.287601
18.62240,0.308060
18.62531,0.336007
18.62821,0.370459
18.63111,0.409342
18.63401,0.449894
18.63692,0.489350
18.63982,0.525925
18.64272,0.558718
18.64562,0.586514
18.64853,0.607388
18.65143,0.619550
18.65433,0.622551
18.65723,0.617526
18.66014,0.606369
18.66304,0.590613
18.66594,0.570756
18.66884,0.546246
18.67175,0.516241
18.67465,0.480429
18.67755,0.439620
18.68045,0.395778
18.68336,0.351569
18.68626,0.309683
18.68916,0.272183
18.69206,0.240200
18.69497,0.213886
18.69787,0.192648
18.70077,0.175742
18.70367,0.163031
18.70658,0.155411
18.70948,0.154664
18.71238,0.162697
18.71528,0.180281
18.71819,0.206665
18.72109,0.240288
18.72399,0.279512
18.72689,0.322835
18.72980,0.368739
18.73270,0.415577
18.73560,0.461686
18.73850,0.505533
18.74141,0.545732
18.74431,0.581021
18.74721,0.610244
18.75011,0.632344
18.75302,0.646949
18.75592,0.654958
18.75882,0.658215
18.76172,0.658479
18.76463,0.656598
18.76753,0.652416
18.77043,0.645416
18.77333,0.635285
18.77624,0.622377
18.77914,0.608091
18.78204,0.593908
18.78494,0.580441
18.78785,0.567546
18.79075,0.555103
18.79365,0.543328
18.79655,0.532629
18.79946,0.523390
18.80236,0.515795
18.80526,0.509675
18.80816,0.504561
18.81107,0.499928
18.81397,0.495261
18.81687,0.490018
18.81977,0.483858
18.82268,0.476666
18.82558,0.467899
18.82848,0.456618
18.83138,0.442020
18.83429,0.423789
18.83719,0.402564
18.84009,0.380158
18.84299,0.359203
18.84590,0.341971
18.84880,0.329270
18.85170,0.320506
18.85460,0.314817
18.85751,0.312102
18.86041,0.313217
18.86331,0.319260
18.86621,0.330547
18.86912,0.346138
18.87202,0.364061
18.87492,0.381933
18.87782,0.397616
18.88073,0.409689
18.88363,0.417622
18.88653,0.421711
18.88943,0.422749
18.89234,0.421736
18.89524,0.419270
18.89814,0.415373
18.90104,0.410140
18.90395,0.404539
18.90685,0.399986
18.90975,0.397428
18.91265,0.397067
18.91556,0.398771
18.91846,0.402551
18.92136,0.408645
18.92426,0.417312
18.92717,0.428451
18.93007,0.441227
18.93297,0.453866
18.93587,0.463921
18.93878,0.469114
18.94168,0.468649
18.94458,0.463520
18.94748,0.455438
18.95039,0.445898
18.95329,0.436225
18.95619,0.427561
18.95909,0.420569
18.96200,0.415553
18.96490,0.412813
18.96780,0.412698
18.97070,0.415142
18.97361,0.419202
18.97651,0.423141
18.97941,0.425082
18.98231,0.423975
18.98522,0.420016
18.98812,0.414262
18.99102,0.407805
18.99392,0.401145
18.99683,0.393864
18.99973,0.384846
19.00263,0.373408
19.00553,0.360246
19.00844,0.347048
19.01134,0.335358
19.01424,0.325958
19.01714,0.318508
19.02005,0.311784
19.02295,0.305004
19.02585,0.298848
19.02875,0.294799
19.03166,0.293873
19.03456,0.296168
19.03746,0.300955
19.04036,0.307023
19.04327,0.313141
19.04617,0.318610
19.04907,0.323418
19.05197,0.328029
19.05488,0.332950
19.05778,0.338330
19.06068,0.343793
19.06358,0.348748
19.06649,0.352851
19.06939,0.356066
19.07229,0.358730
19.07519,0.361558
19.07810,0.365284
19.08100,0.370166
19.08390,0.375764
19.08680,0.381052
19.08971,0.384818
19.09261,0.386097
19.09551,0.384462
19.09841,0.380046
19.10132,0.373515
19.10422,0.366018
19.10712,0.358776
19.11002,0.352389
19.11293,0.346557
19.11583,0.340412
19.11873,0.333258
19.12163,0.324905
19.12454,0.315564
19.12744,0.305652
19.13034,0.295563
19.13324,0.285679
19.13615,0.276530
19.13905,0.268861
19.14195,0.263561
19.14485,0.261393
19.14776,0.262613
19.15066,0.266843
19.15356,0.273212
19.15646,0.280700
19.15937,0.288253
19.16227,0.294953
19.16517,0.300657
19.16807,0.306660
19.17098,0.315337
19.17388,0.328973
19.17678,0.348629
19.17968,0.373629
19.18259,0.401918
19.18549,0.430972
19.18839,0.458858
19.19129,0.484910
19.19420,0.509556
19.19710,0.533275
19.20000,0.555834
19.20290,0.576363
19.20580,0.593946
19.20871,0.608088
19.21161,0.618734
19.21451,0.625930
19.21741,0.629452
19.22032,0.628621
19.22322,0.622301
19.22612,0.609430
19.22902,0.589840
19.23193,0.564987
19.23483,0.537724
19.23773,0.510989
19.24063,0.486578
19.24354,0.464439
19.24644,0.442964
19.24934,0.420304
19.25224,0.396119
19.25515,0.372352
19.25805,0.352149
19.26095,0.337858
19.26385,0.329637
19.26676,0.325585
19.26966,0.323175
19.27256,0.321220
19.27546,0.320857
19.27837,0.324666
19.28127,0.334433
19.28417,0.349804
19.28707,0.368558
19.28998,0.387837
19.29288,0.405548
19.29578,0.421307
19.29868,0.436250
19.30159,0.451929
19.30449,0.469427
19.30739,0.488955
19.31029,0.509787
19.31320,0.530350
19.31610,0.548734
19.31900,0.563608
19.32190,0.574770
19.32481,0.582864
19.32771,0.588542
19.33061,0.592006
19.33351,0.592954
19.33642,0.591140
19.33932,0.587109
19.34222,0.582350
19.34512,0.578694
19.34803,0.577486
19.35093,0.579059
19.35383,0.582596
19.35673,0.586659
19.35964,0.590051
19.36254,0.592782
19.36544,0.596186
19.36834,0.601821
19.37125,0.610144
19.37415,0.619877
19.37705,0.628348
19.37995,0.632295
19.38286,0.629374
19.38576,0.619789
19.38866,0.606403
19.39156,0.593010
19.39447,0.582281
19.39737,0.574636
19.40027,0.568326
19.40317,0.560434
19.40608,0.548464
19.40898,0.532102
19.41188,0.513389
19.41478,0.495134
19.41769,0.479238
19.42059,0.466156
19.42349,0.455629
19.42639,0.447603
19.42930,0.442255
19.43220,0.439243
19.43510,0.437298
19.43800,0.434572
19.44091,0.429758
19.44381,0.423378
19.44671,0.418209
19.44961,0.418419
19.45252,0.427268
19.45542,0.444731
19.45832,0.467221
19.46122,0.489739
19.46413,0.507865
19.46703,0.518779
19.46993,0.521428
19.47283,0.516191
19.47574,0.504638
19.47864,0.489048
19.48154,0.472091
19.48444,0.456467
19.48735,0.444278
19.49025,0.435988
19.49315,0.430196
19.49605,0.424324
19.49896,0.415971
19.50186,0.403733
19.50476,0.387199
19.50766,0.366647
19.51057,0.342911
19.51347,0.317231
19.51637,0.290341
19.51927,0.262127
19.52218,0.232949
19.52508,0.204626
19.52798,0.180949
19.53088,0.167200
19.53379,0.166116
19.53669,0.174977
19.53959,0.188720
19.54249,0.203919
19.54540,0.219232
19.54830,0.234624
19.55120,0.250669
19.55410,0.267713
19.55701,0.284940
19.55991,0.299474
19.56281,0.306962
19.56571,0.305850
19.56862,0.299783
19.57152,0.293411
19.57442,0.289067
19.57732,0.286856
19.58023,0.285875
19.58313,0.284580
19.58603,0.281200
19.58893,0.274931
19.59184,0.266631
19.59474,0.258062
19.59764,0.251182
19.60054,0.248015
19.60345,0.249762
19.60635,0.256094
19.60925,0.265446
19.61215,0.275831
19.61506,0.285576
19.61796,0.293737
19.62086,0.300205
19.62376,0.305600
19.62667,0.311143
19.62957,0.318276
19.63247,0.327805
19.63537,0.339322
19.63828,0.351733
19.64118,0.364108
19.64408,0.375866
19.64698,0.386529
19.64989,0.395773
19.65279,0.403860
19.65569,0.411810
19.65859,0.420697
19.66150,0.430613
19.66440,0.440587
19.66730,0.449417
19.67020,0.456537
19.67311,0.461927
19.67601,0.465963
19.67891,0.469184
19.68181,0.471928
19.68472,0.473880
19.68762,0.473972
19.69052,0.470545
19.69342,0.461755
19.69633,0.446099
19.69923,0.422490
19.70213,0.390531
19.70503,0.351150
19.70794,0.307355
19.71084,0.263642
19.71374,0.224681
19.71664,0.194465
19.71955,0.176062
19.72245,0.170743
19.72535,0.176743
19.72825,0.189784
19.73116,0.205415
19.73406,0.220738
19.73696,0.234688
19.73986,0.247407
19.74277,0.259296
19.74567,0.270155
19.74857,0.278799
19.75147,0.283470
19.75438,0.282614
19.75728,0.275392
19.76018,0.261922
19.76308,0.243074
19.76599,0.220126
19.76889,0.195370
19.77179,0.174685
19.77469,0.168961
19.77760,0.187025
19.78050,0.225454
19.78340,0.273527
19.78630,0.322200
19.78921,0.365635
19.79211,0.400364
19.79501,0.424814
19.79791,0.439182
19.80082,0.445236
19.80372,0.445349
19.80662,0.441382
19.80952,0.434151
19.81243,0.423853
19.81533,0.410609
19.81823,0.394806
19.82113,0.377012
19.82404,0.357862
19.82694,0.337890
19.82984,0.317507
19.83274,0.296875
19.83565,0.275795
19.83855,0.254008
19.84145,0.231376
19.84435,0.208051
19.84726,0.184474
19.85016,0.161314
19.85306,0.139233
19.85596,0.118846
19.85887,0.100997
19.86177,0.086882
19.86467,0.077566
19.86757,0.072828
19.87048,0.070857
19.87338,0.069371
19.87628,0.066842
19.87918,0.062849
19.88209,0.057811
19.88499,0.052619
19.88789,0.048199
19.89079,0.045118
19.89370,0.043504
19.89660,0.043768
19.89950,0.048022
19.90240,0.059742
19.90531,0.080987
19.90821,0.111550
19.91111,0.149796
19.91401,0.193194
19.91692,0.238703
19.91982,0.283628
19.92272,0.326537
19.92562,0.367599
19.92853,0.408411
19.93143,0.451316
19.93433,0.497870
19.93723,0.547458
19.94014,0.597216
19.94304,0.643249
19.94594,0.681897
19.94884,0.710163
19.95175,0.726288
19.95465,0.730998
19.95755,0.727498
19.96045,0.720080
19.96336,0.712397
19.96626,0.706332
19.96916,0.701921
19.97206,0.697340
19.97497,0.689728
19.97787,0.677188
19.98077,0.660675
19.98367,0.643302
19.98658,0.627824
19.98948,0.615307
19.99238,0.605496
19.99528,0.597825
19.99819,0.591694
20.00109,0.586766
20.00399,0.582844
20.00689,0.579805
20.00980,0.577576
20.01270,0.576306
20.01560,0.576123
20.01850,0.576959
20.02141,0.578427
20.02431,0.579886
20.02721,0.580609
20.03011,0.580387
20.03302,0.579566
20.03592,0.578255
20.03882,0.576291
20.04172,0.574025
20.04463,0.572517
20.04753,0.572754
20.05043,0.575066
20.05333,0.578869
20.05624,0.582861
20.05914,0.585730
20.06204,0.587037
20.06494,0.587105
20.06785,0.586227
20.07075,0.583812
20.07365,0.578278
20.07655,0.567669
20.07946,0.550349
20.08236,0.525455
20.08526,0.492572
20.08816,0.451495
20.09107,0.402536
20.09397,0.347166
20.09687,0.288428
20.09977,0.230750
20.10268,0.179014
20.10558,0.137028
20.10848,0.106162
20.11138,0.084931
20.11429,0.070241
20.11719,0.059419
20.12009,0.051318
20.12299,0.045856
20.12590,0.043041
20.12880,0.042375
20.13170,0.042935
20.13460,0.043845
20.13751,0.044609
20.14041,0.045140
20.14331,0.045572
20.14621,0.046035
20.14912,0.046486
20.15202,0.046736
20.15492,0.046589
20.15782,0.046003
20.16073,0.045183
20.16363,0.044500
20.16653,0.044211
20.16943,0.044259
20.17234,0.044413
20.17524,0.045112
20.17814,0.048716
20.18104,0.058811
20.18395,0.076937
20.18685,0.101582
20.18975,0.130032
20.19265,0.159663
20.19556,0.188414
20.19846,0.214995
20.20136,0.238813
20.20426,0.259818
20.20717,0.278279
20.21007,0.294476
20.21297,0.308652
20.21587,0.320974
20.21878,0.331672
20.22168,0.341119
20.22458,0.349825
20.22748,0.358212
20.23039,0.366412
20.23329,0.374261
20.23619,0.381437
20.23909,0.387818
20.24200,0.393613
20.24490,0.399284
20.24780,0.405161
20.25070,0.411210
20.25361,0.416868
20.25651,0.421115
20.25941,0.423014
20.26231,0.422231
20.26522,0.419342
20.26812,0.415407
20.27102,0.411307
20.27392,0.407468
20.27683,0.404154
20.27973,0.401534
20.28263,0.399589
20.28553,0.398279
20.28844,0.397565
20.29134,0.397406
20.29424,0.397782
20.29714,0.398900
20.30005,0.401150
20.30295,0.405049
20.30585,0.411036
20.30875,0.419121
20.31166,0.428584
20.31456,0.438186
20.31746,0.446849
20.32036,0.454336
20.32327,0.461188
20.32617,0.468246
20.32907,0.476190
20.33197,0.485108
20.33488,0.494452
20.33778,0.503292
20.34068,0.510650
20.34358,0.516074
20.34649,0.519470
20.34939,0.520476
20.35229,0.518703
20.35519,0.514576
20.35810,0.509450
20.36100,0.504461
20.36390,0.500033
20.36680,0.496277
20.36971,0.493537
20.37261,0.492083
20.37551,0.492021
20.37841,0.493008
20.38132,0.494237
20.38422,0.494919
20.38712,0.495144
20.39002,0.495743
20.39293,0.497562
20.39583,0.500788
20.39873,0.504579
20.40163,0.507557
20.40454,0.508920
20.40744,0.508577
20.41034,0.506266
20.41324,0.501458
20.41615,0.494470
20.41905,0.486851
20.42195,0.480228
20.42485,0.475613
20.42776,0.473204
20.43066,0.472458
20.43356,0.472427
20.43646,0.472328
20.43937,0.471878
20.44227,0.471120
20.44517,0.470113
20.44807,0.468635
20.45098,0.466307
20.45388,0.462914
20.45678,0.458407
20.45968,0.452542
20.46259,0.444436
20.46549,0.432510
20.46839,0.415020
20.47129,0.390554
20.47420,0.358372
20.47710,0.318952
20.48000,0.274378
20.48290,0.228056
20.48580,0.183878
20.48871,0.145486
20.49161,0.115676
20.49451,0.096001
20.49741,0.086517
20.50032,0.085662
20.50322,0.091194
20.50612,0.101602
20.50902,0.116546
20.51193,0.136471
20.51483,0.162060
20.51773,0.193742
20.52063,0.231066
20.52354,0.272454
20.52644,0.315634
20.52934,0.358487
20.53224,0.399516
20.53515,0.437194
20.53805,0.469771
20.54095,0.496078
20.54385,0.515927
20.54676,0.530337
20.54966,0.540984
20.55256,0.549197
20.55546,0.555215
20.55837,0.557688
20.56127,0.554610
20.56417,0.545760
20.56707,0.533952
20.56998,0.523238
20.57288,0.516824
20.57578,0.516059
20.57868,0.519983
20.58159,0.525954
20.58449,0.530317
20.58739,0.530097
20.59029,0.525227
20.59320,0.517830
20.59610,0.509926
20.59900,0.502728
20.60190,0.496640
20.60481,0.491298
20.60771,0.486247
20.61061,0.481554
20.61351,0.477952
20.61642,0.476365
20.61932,0.477448
20.62222,0.481421
20.62512,0.488214
20.62803,0.497428
20.63093,0.508279
20.63383,0.519545
20.63673,0.529686
20.63964,0.537747
20.64254,0.543747
20.64544,0.547628
20.64834,0.547917
20.65125,0.541736
20.65415,0.525899
20.65705,0.497928
20.65995,0.456988
20.66286,0.404514
20.66576,0.344010
20.66866,0.280294
20.67156,0.218908
20.67447,0.165555
20.67737,0.124651
20.68027,0.096846
20.68317,0.077924
20.68608,0.062796
20.68898,0.049801
20.69188,0.039976
20.69478,0.034414
20.69769,0.032815
20.70059,0.033779
20.70349,0.036008
20.70639,0.038897
20.70930,0.042666
20.71220,0.048290
20.71510,0.057040
20.71800,0.070033
20.72091,0.088367
20.72381,0.113100
20.72671,0.144271
20.72961,0.180322
20.73252,0.218622
20.73542,0.255659
20.73832,0.287497
20.74122,0.310272
20.74413,0.321017
20.74703,0.318385
20.74993,0.303007
20.75283,0.277529
20.75574,0.246012
20.75864,0.212844
20.76154,0.182073
20.76444,0.157839
20.76735,0.144939
20.77025,0.147304
20.77315,0.164402
20.77605,0.190917
20.77896,0.219994
20.78186,0.246045
20.78476,0.265678
20.78766,0.278016
20.79057,0.284371
20.79347,0.287237
20.79637,0.289265
20.79927,0.292332
20.80218,0.296963
20.80508,0.302441
20.80798,0.307594
20.81088,0.311648
20.81379,0.314543
20.81669,0.316830
20.81959,0.319492
20.82249,0.323618
20.82540,0.329629
20.82830,0.337049
20.83120,0.344980
20.83410,0.352604
20.83701,0.359708
20.83991,0.366931
20.84281,0.375422
20.84571,0.385742
20.84862,0.397058
20.85152,0.407514
20.85442,0.415672
20.85732,0.421444
20.86023,0.425996
20.86313,0.430570
20.86603,0.435591
20.86893,0.440684
20.87184,0.445261
20.87474,0.448733
20.87764,0.450491
20.88054,0.449965
20.88345,0.446817
20.88635,0.441208
20.88925,0.433872
20.89215,0.426079
20.89506,0.418766
20.89796,0.411948
20.90086,0.405060
20.90376,0.397544
20.90667,0.388417
20.90957,0.375852
20.91247,0.357495
20.91537,0.331788
20.91828,0.299115
20.92118,0.261797
20.92408,0.222997
20.92698,0.185718
20.92989,0.152410
20.93279,0.124648
20.93569,0.102671
20.93859,0.085144
20.94150,0.070047
20.94440,0.056211
20.94730,0.043967
20.95020,0.034430
20.95311,0.028685
20.95601,0.027095
20.95891,0.029284
20.96181,0.034726
20.96472,0.043163
20.96762,0.054599
20.97052,0.069137
20.97342,0.086530
20.97633,0.105726
20.97923,0.124984
20.98213,0.142371
20.98503,0.156342
20.98794,0.166015
20.99084,0.171103
20.99374,0.171813
20.99664,0.168581
20.99955,0.161961
21.00245,0.152768
21.00535,0.142173
21.00825,0.131373
21.01116,0.121153
21.01406,0.111828
21.01696,0.103442
21.01986,0.095915
21.02277,0.089351
21.02567,0.084638
21.02857,0.084092
21.03147,0.091396
21.03438,0.109779
21.03728,0.139648
21.04018,0.178686
21.04308,0.223090
21.04599,0.268825
21.04889,0.312526
21.05179,0.351856
21.05469,0.385490
21.05760,0.413119
21.06050,0.435288
21.06340,0.453230
21.06630,0.468564
21.06921,0.482648
21.07211,0.496124
21.07501,0.509056
21.07791,0.521256
21.08082,0.532610
21.08372,0.543488
21.08662,0.554537
21.08952,0.566276
21.09243,0.578959
21.09533,0.592234
21.09823,0.604782
21.10113,0.614957
21.10404,0.622118
21.10694,0.627284
21.10984,0.632067
21.11274,0.637417
21.11565,0.643320
21.11855,0.649574
21.12145,0.656133
21.12435,0.663061
21.12726,0.670267
21.13016,0.677353
21.13306,0.683767
21.13596,0.689359
21.13887,0.694330
21.14177,0.698676
21.14467,0.701722
21.14757,0.701966
21.15048,0.698313
21.15338,0.691800
21.15628,0.685382
21.15918,0.681110
21.16209,0.678652
21.16499,0.676213
21.16789,0.672589
21.17079,0.667734
21.17370,0.662291
21.17660,0.656881
21.17950,0.651632
21.18240,0.646157
21.18531,0.639883
21.18821,0.632373
21.19111,0.623628
21.19401,0.614023
21.19692,0.603652
21.19982,0.592337
21.20272,0.580428
21.20562,0.569300
21.20853,0.560451
21.21143,0.554179
21.21433,0.549383
21.21723,0.544435
21.22014,0.538287
21.22304,0.530843
21.22594,0.522901
21.22884,0.515847
21.23175,0.511131
21.23465,0.509534
21.23755,0.510792
21.24045,0.513778
21.24336,0.516884
21.24626,0.518197
21.24916,0.515542
21.25206,0.507464
21.25497,0.494338
21.25787,0.478260
21.26077,0.461562
21.26367,0.445576
21.26658,0.430419
21.26948,0.415365
21.27238,0.399906
21.27528,0.384743
21.27819,0.371589
21.28109,0.361924
21.28399,0.356452
21.28689,0.354914
21.28980,0.355951
21.29270,0.357464
21.29560,0.357811
21.29850,0.356909
21.30141,0.355851
21.30431,0.355775
21.30721,0.356941
21.31011,0.358559
21.31302,0.359090
21.31592,0.357168
21.31882,0.352585
21.32172,0.346551
21.32463,0.340928
21.32753,0.336982
21.33043,0.334512
21.33333,0.331877
21.33624,0.327264
21.33914,0.319976
21.34204,0.310924
21.34494,0.302145
21.34785,0.295705
21.35075,0.292532
21.35365,0.291868
21.35655,0.291855
21.35946,0.290773
21.36236,0.288302
21.36526,0.285663
21.36816,0.284604
21.37107,0.286273
21.37397,0.290755
21.37687,0.297148
21.37977,0.303933
21.38268,0.309786
21.38558,0.314545
21.38848,0.319528
21.39138,0.326439
21.39429,0.336126
21.39719,0.348101
21.40009,0.360757
21.40299,0.371854
21.40590,0.379491
21.40880,0.383535
21.41170,0.385924
21.41460,0.389502
21.41751,0.396472
21.42041,0.407590
21.42331,0.421954
21.42621,0.437355
21.42912,0.451416
21.43202,0.462523
21.43492,0.470109
21.43782,0.474119
21.44073,0.474586
21.44363,0.471317
21.44653,0.463950
21.44943,0.452046
21.45234,0.435041
21.45524,0.412341
21.45814,0.383561
21.46104,0.348727
21.46395,0.308313
21.46685,0.263497
21.46975,0.216365
21.47265,0.169998
21.47556,0.128027
21.47846,0.093783
21.48136,0.069288
21.48426,0.054493
21.48717,0.047455
21.49007,0.045644
21.49297,0.046688
21.49587,0.048643
21.49878,0.050385
21.50168,0.051808
21.50458,0.053484
21.50748,0.056026
21.51039,0.059556
21.51329,0.063653
21.51619,0.067652
21.51909,0.070993
21.52200,0.073424
21.52490,0.074993
21.52780,0.075661
21.53070,0.075255
21.53361,0.073898
21.53651,0.072298
21.53941,0.071257
21.54231,0.071280
21.54522,0.072579
21.54812,0.075226
21.55102,0.079333
21.55392,0.085110
21.55683,0.092706
21.55973,0.101919
21.56263,0.111874
21.56553,0.121247
21.56844,0.129165
21.57134,0.135882
21.57424,0.142324
21.57714,0.149105
21.58005,0.156283
21.58295,0.163512
21.58585,0.170020
21.58875,0.175276
21.59166,0.179627
21.59456,0.183600
21.59746,0.186819
21.60036,0.188402
21.60327,0.187698
21.60617,0.184556
21.60907,0.179526
21.61197,0.173841
21.61488,0.169081
21.61778,0.166466
21.62068,0.166207
21.62358,0.167499
21.62649,0.168917
21.62939,0.169055
21.63229,0.167262
21.63519,0.163620
21.63810,0.158529
21.64100,0.152513
21.64390,0.145993
21.64680,0.138896
21.64971,0.130860
21.65261,0.121928
21.65551,0.112629
21.65841,0.103431
21.66132,0.094515
21.66422,0.085976
21.66712,0.078050
21.67002,0.070951
21.67293,0.064610
21.67583,0.058840
21.67873,0.053465
21.68163,0.048430
21.68454,0.043835
21.68744,0.039745
21.69034,0.036139
21.69324,0.032966
21.69615,0.030187
21.69905,0.027730
21.70195,0.025516
21.70485,0.023545
21.70776,0.021949
21.71066,0.020891
21.71356,0.020351
21.71646,0.020092
21.71937,0.019863
21.72227,0.019552
21.72517,0.019209
21.72807,0.018963
21.73098,0.019233
21.73388,0.020878
21.73678,0.024665
21.73968,0.030801
21.74259,0.039138
21.74549,0.048941
21.74839,0.059423
21.75129,0.072054
21.75420,0.089176
21.75710,0.110801
21.76000,0.134333
21.76290,0.156941
21.76580,0.177548
21.76871,0.196981
21.77161,0.218280
21.77451,0.244392
21.77741,0.274582
21.78032,0.304781
21.78322,0.330448
21.78612,0.348030
21.78902,0.355386
21.79193,0.352524
21.79483,0.342344
21.79773,0.329541
21.80063,0.318236
21.80354,0.310346
21.80644,0.305648
21.80934,0.303312
21.81224,0.303325
21.81515,0.307003
21.81805,0.315701
21.82095,0.329491
21.82385,0.347770
21.82676,0.369967
21.82966,0.395667
21.83256,0.424754
21.83546,0.456970
21.83837,0.491207
21.84127,0.524909
21.84417,0.555003
21.84707,0.579225
21.84998,0.596885
21.85288,0.608496
21.85578,0.615033
21.85868,0.617380
21.86159,0.616093
21.86449,0.611549
21.86739,0.604075
21.87029,0.594341
21.87320,0.583394
21.87610,0.572923
21.87900,0.564819
21.88190,0.560512
21.88481,0.560213
21.88771,0.562455
21.89061,0.564588
21.89351,0.563874
21.89642,0.558194
21.89932,0.546288
21.90222,0.527908
21.90512,0.503116
21.90803,0.471589
21.91093,0.433420
21.91383,0.389892
21.91673,0.343082
21.91964,0.295120
21.92254,0.247867
21.92544,0.202922
21.92834,0.162063
21.93125,0.128005
21.93415,0.105146
21.93705,0.097535
21.93995,0.102897
21.94286,0.113177
21.94576,0.121563
21.94866,0.124782
21.95156,0.122767
21.95447,0.119798
21.95737,0.125588
21.96027,0.150101
21.96317,0.194304
21.96608,0.252015
21.96898,0.316292
21.97188,0.380847
21.97478,0.439537
21.97769,0.487129
21.98059,0.521450
21.98349,0.544020
21.98639,0.558064
21.98930,0.566374
21.99220,0.570578
21.99510,0.571663
21.99800,0.570510
22.00091,0.568129
22.00381,0.565472
22.00671,0.563278
22.00961,0.562075
22.01252,0.562316
22.01542,0.564182
22.01832,0.567597
22.02122,0.572120
22.02413,0.577009
22.02703,0.581522
22.02993,0.585389
22.03283,0.588352
22.03574,0.589225
22.03864,0.586111
22.04154,0.577708
22.04444,0.564001
22.04735,0.545700
22.05025,0.523527
22.05315,0.497704
22.05605,0.468027
22.05896,0.434516
22.06186,0.398265
22.06476,0.361506
22.06766,0.326907
22.07057,0.296742
22.07347,0.272856
22.07637,0.256849
22.07927,0.249571
22.08218,0.250384
22.08508,0.257514
22.08798,0.269010
22.09088,0.283133
22.09379,0.298350
22.09669,0.313258
22.09959,0.326768
22.10249,0.338194
22.10540,0.347488
22.10830,0.355050
22.11120,0.360966
22.11410,0.364714
22.11701,0.365474
22.11991,0.363178
22.12281,0.359050
22.12571,0.355315
22.12862,0.353864
22.13152,0.354762
22.13442,0.356063
22.13732,0.354801
22.14023,0.348440
22.14313,0.335984
22.14603,0.318562
22.14893,0.299253
22.15184,0.281496
22.15474,0.267165
22.15764,0.255992
22.16054,0.246400
22.16345,0.236739
22.16635,0.225915
22.16925,0.213736
22.17215,0.200990
22.17506,0.189400
22.17796,0.181631
22.18086,0.180665
22.18376,0.188327
22.18667,0.203764
22.18957,0.223786
22.19247,0.244793
22.19537,0.264114
22.19828,0.280454
22.20118,0.293619
22.20408,0.304298
22.20698,0.313847
22.20989,0.323782
22.21279,0.335261
22.21569,0.348741
22.21859,0.363903
22.22150,0.379832
22.22440,0.395348
22.22730,0.409185
22.23020,0.420184
22.23311,0.427450
22.23601,0.430547
22.23891,0.429856
22.24181,0.426740
22.24472,0.423186
22.24762,0.420945
22.25052,0.421038
22.25342,0.423506
22.25633,0.427629
22.25923,0.432467
22.26213,0.437268
22.26503,0.441844
22.26794,0.446253
22.27084,0.450263
22.27374,0.453355
22.27664,0.455138
22.27955,0.455309
22.28245,0.453306
22.28535,0.448693
22.28825,0.441713
22.29116,0.433399
22.29406,0.425029
22.29696,0.417780
22.29986,0.412474
22.30277,0.409464
22.30567,0.408483
22.30857,0.408520
22.31147,0.407815
22.31438,0.404323
22.31728,0.396357
22.32018,0.382931
22.32308,0.363587
22.32599,0.338431
22.32889,0.308605
22.33179,0.276135
22.33469,0.243350
22.33760,0.212379
22.34050,0.184893
22.34340,0.161744
22.34630,0.142585
22.34921,0.125949
22.35211,0.110159
22.35501,0.094350
22.35791,0.078711
22.36082,0.063965
22.36372,0.050847
22.36662,0.040048
22.36952,0.032577
22.37243,0.030190
22.37533,0.034528
22.37823,0.045123
22.38113,0.060103
22.38404,0.077794
22.38694,0.096953
22.38984,0.116817
22.39274,0.137020
22.39565,0.157426
22.39855,0.177830
22.40145,0.197780
22.40435,0.216782
22.40726,0.234572
22.41016,0.250891
22.41306,0.265235
22.41596,0.277140
22.41887,0.286570
22.42177,0.293863
22.42467,0.299534
22.42757,0.304089
22.43048,0.307862
22.43338,0.311006
22.43628,0.313608
22.43918,0.315907
22.44209,0.318272
22.44499,0.321022
22.44789,0.324233
22.45079,0.327820
22.45370,0.331711
22.45660,0.335988
22.45950,0.340823
22.46240,0.346304
22.46531,0.352386
22.46821,0.358975
22.47111,0.365889
22.47401,0.372645
22.47692,0.378569
22.47982,0.383143
22.48272,0.386369
22.48562,0.388657
22.48853,0.390489
22.49143,0.391978
22.49433,0.392591
22.49723,0.391251
22.50014,0.386970
22.50304,0.379820
22.50594,0.371161
22.50884,0.363103
22.51175,0.357309
22.51465,0.354223
22.51755,0.353002
22.52045,0.352004
22.52336,0.349900
22.52626,0.346484
22.52916,0.342546
22.53206,0.339312
22.53497,0.337004
22.53787,0.334942
22.54077,0.332738
22.54367,0.330809
22.54658,0.330174
22.54948,0.331758
22.55238,0.336046
22.55528,0.343029
22.55819,0.351851
22.56109,0.360448
22.56399,0.366261
22.56689,0.368339
22.56980,0.368457
22.57270,0.369648
22.57560,0.374114
22.57850,0.382197
22.58141,0.392844
22.58431,0.403575
22.58721,0.411107
22.59011,0.413461
22.59302,0.411245
22.59592,0.406807
22.59882,0.402561
22.60172,0.399649
22.60463,0.397681
22.60753,0.395537
22.61043,0.392350
22.61333,0.388221
22.61624,0.384114
22.61914,0.381165
22.62204,0.380092
22.62494,0.380901
22.62785,0.382934
22.63075,0.385236
22.63365,0.386964
22.63655,0.387816
22.63946,0.388297
22.64236,0.389114
22.64526,0.390061
22.64816,0.389905
22.65107,0.387329
22.65397,0.382141
22.65687,0.375610
22.65977,0.369707
22.66268,0.365977
22.66558,0.364831
22.66848,0.365488
22.67138,0.366623
22.67429,0.367127
22.67719,0.366614
22.68009,0.365400
22.68299,0.364016
22.68590,0.362790
22.68880,0.361707
22.69170,0.360783
22.69460,0.360547
22.69751,0.362137
22.70041,0.366614
22.70331,0.374082
22.70621,0.383422
22.70912,0.392942
22.71202,0.401267
22.71492,0.407980
22.71782,0.413627
22.72073,0.419335
22.72363,0.426232
22.72653,0.434966
22.72943,0.445451
22.73234,0.456965
22.73524,0.468469
22.73814,0.478949
22.74104,0.487642
22.74395,0.494219
22.74685,0.498721
22.74975,0.501204
22.75265,0.501806
22.75556,0.500898
22.75846,0.498608
22.76136,0.494190
22.76426,0.485980
22.76717,0.471905
22.77007,0.450593
22.77297,0.422289
22.77587,0.389219
22.77878,0.355385
22.78168,0.324970
22.78458,0.300350
22.78748,0.281154
22.79039,0.265070
22.79329,0.249828
22.79619,0.234829
22.79909,0.221115
22.80200,0.209990
22.80490,0.201792
22.80780,0.195304
22.81070,0.188197
22.81361,0.178134
22.81651,0.163810
22.81941,0.145523
22.82231,0.125099
22.82522,0.105231
22.82812,0.088850
22.83102,0.078942
22.83392,0.078297
22.83683,0.087567
22.83973,0.104269
22.84263,0.124691
22.84553,0.145514
22.84844,0.164134
22.85134,0.178842
22.85424,0.189430
22.85714,0.197643
22.86005,0.206771
22.86295,0.220089
22.86585,0.239054
22.86875,0.262456
22.87166,0.287116
22.87456,0.309408
22.87746,0.326491
22.88036,0.336856
22.88327,0.340543
22.88617,0.338952
22.88907,0.334171
22.89197,0.328262
22.89488,0.322392
22.89778,0.316513
22.90068,0.310101
22.90358,0.303291
22.90649,0.297002
22.90939,0.292110
22.91229,0.288848
22.91519,0.286979
22.91810,0.286450
22.92100,0.287774
22.92390,0.291766
22.92680,0.299031
22.92971,0.309559
22.93261,0.322619
22.93551,0.336965
22.93841,0.351153
22.94132,0.364218
22.94422,0.376079
22.94712,0.387041
22.95002,0.397205
22.95293,0.406575
22.95583,0.415421
22.95873,0.424139
22.96163,0.433156
22.96454,0.442906
22.96744,0.453721
22.97034,0.465462
22.97324,0.477209
22.97615,0.487443
22.97905,0.494683
22.98195,0.498461
22.98485,0.499734
22.98776,0.500354
22.99066,0.502017
22.99356,0.505496
22.99646,0.510188
22.99937,0.514315
23.00227,0.516295
23.00517,0.516300
23.00807,0.516210
23.01098,0.518052
23.01388,0.522684
23.01678,0.528933
23.01968,0.533481
23.02259,0.533054
23.02549,0.527433
23.02839,0.519447
23.03129,0.512425
23.03420,0.508526
23.03710,0.508285
23.04000,0.510836
23.04290,0.514408
23.04580,0.517138
23.04871,0.517521
23.05161,0.514261
23.05451,0.505841
23.05741,0.490427
23.06032,0.466363
23.06322,0.433137
23.06612,0.392186
23.06902,0.346832
23.07193,0.301904
23.07483,0.262863
23.07773,0.233966
23.08063,0.215905
23.08354,0.205217
23.08644,0.196823
23.08934,0.187235
23.09224,0.175783
23.09515,0.164171
23.09805,0.156105
23.10095,0.157114
23.10385,0.172418
23.10676,0.201981
23.10966,0.240073
23.11256,0.279343
23.11546,0.313311
23.11837,0.337286
23.12127,0.348985
23.12417,0.348590
23.12707,0.338244
23.12998,0.321161
23.13288,0.301249
23.13578,0.282985
23.13868,0.270712
23.14159,0.267461
23.14449,0.273299
23.14739,0.284669
23.15029,0.295704
23.15320,0.301104
23.15610,0.298185
23.15900,0.286785
23.16190,0.268519
23.16481,0.246471
23.16771,0.224715
23.17061,0.207095
23.17351,0.195788
23.17642,0.190622
23.17932,0.189161
23.18222,0.187900
23.18512,0.184088
23.18803,0.176857
23.19093,0.167962
23.19383,0.161327
23.19673,0.160718
23.19964,0.166648
23.20254,0.175800
23.20544,0.183511
23.20834,0.186345
23.21125,0.183455
23.21415,0.177119
23.21705,0.172568
23.21995,0.176222
23.22286,0.191764
23.22576,0.217464
23.22866,0.248103
23.23156,0.278798
23.23447,0.307281
23.23737,0.333874
23.24027,0.360256
23.24317,0.388042
23.24608,0.417656
23.24898,0.447928
23.25188,0.476914
23.25478,0.503358
23.25769,0.527455
23.26059,0.550484
23.26349,0.573699
23.26639,0.597282
23.26930,0.619829
23.27220,0.639313
23.27510,0.654727
23.27800,0.667001
23.28091,0.677871
23.28381,0.688178
23.28671,0.697182
23.28961,0.702807
23.29252,0.703090
23.29542,0.697900
23.29832,0.689325
23.30122,0.680305
23.30413,0.673094
23.30703,0.668383
23.30993,0.665265
23.31283,0.661908
23.31574,0.656757
23.31864,0.649617
23.32154,0.641609
23.32444,0.634130
23.32735,0.627686
23.33025,0.621512
23.33315,0.613663
23.33605,0.601712
23.33896,0.583718
23.34186,0.558764
23.34476,0.526814
23.34766,0.488283
23.35057,0.443862
23.35347,0.394696
23.35637,0.342832
23.35927,0.291512
23.36218,0.244918
23.36508,0.207031
23.36798,0.179905
23.37088,0.162825
23.37379,0.153250
23.37669,0.148639
23.37959,0.147401
23.38249,0.148618
23.38540,0.151700
23.38830,0.156312
23.39120,0.162452
23.39410,0.170444
23.39701,0.180743
23.39991,0.193737
23.40281,0.209752
23.40571,0.229304
23.40862,0.253403
23.41152,0.283402
23.41442,0.320307
23.41732,0.364148
23.42023,0.413561
23.42313,0.465851
23.42603,0.517272
23.42893,0.563818
23.43184,0.602359
23.43474,0.631575
23.43764,0.651909
23.44054,0.664852
23.44345,0.672219
23.44635,0.675593
23.44925,0.676069
23.45215,0.674134
23.45506,0.670082
23.45796,0.664389
23.46086,0.657803
23.46376,0.650783
23.46667,0.643270
23.46957,0.634678
23.47247,0.624206
23.47537,0.611426
23.47828,0.596434
23.48118,0.579729
23.48408,0.561958
23.48698,0.543757
23.48989,0.525476
23.49279,0.507260
23.49569,0.489322
23.49859,0.472224
23.50150,0.456802
23.50440,0.443702
23.50730,0.433102
23.51020,0.424672
23.51311,0.417950
23.51601,0.412657
23.51891,0.408904
23.52181,0.407505
23.52472,0.408465
23.52762,0.408929
23.53052,0.405206
23.53342,0.395969
23.53633,0.383763
23.53923,0.372416
23.54213,0.364898
23.54503,0.362963
23.54794,0.367421
23.55084,0.378388
23.55374,0.395021
23.55664,0.414705
23.55955,0.432012
23.56245,0.439447
23.56535,0.433552
23.56825,0.419322
23.57116,0.404170
23.57406,0.392121
23.57696,0.383360
23.57986,0.376408
23.58277,0.369591
23.58567,0.361950
23.58857,0.354092
23.59147,0.347944
23.59438,0.344890
23.59728,0.344617
23.60018,0.345974
23.60308,0.347997
23.60599,0.350397
23.60889,0.353551
23.61179,0.357798
23.61469,0.362922
23.61760,0.368081
23.62050,0.372186
23.62340,0.374464
23.62630,0.374927
23.62921,0.374509
23.63211,0.374432
23.63501,0.375229
23.63791,0.376604
23.64082,0.377938
23.64372,0.378647
23.64662,0.378302
23.64952,0.376839
23.65243,0.374912
23.65533,0.373642
23.65823,0.373862
23.66113,0.375096
23.66404,0.375892
23.66694,0.374894
23.66984,0.371909
23.67274,0.367832
23.67565,0.364079
23.67855,0.361853
23.68145,0.361591
23.68435,0.362819
23.68726,0.364654
23.69016,0.366361
23.69306,0.367759
23.69596,0.369403
23.69887,0.372101
23.70177,0.376285
23.70467,0.381553
23.70757,0.387282
23.71048,0.392884
23.71338,0.397721
23.71628,0.401327
23.71918,0.403864
23.72209,0.405878
23.72499,0.407489
23.72789,0.408250
23.73079,0.407611
23.73370,0.405477
23.73660,0.402392
23.73950,0.399495
23.74240,0.398069
23.74531,0.398861
23.74821,0.401694
23.75111,0.405554
23.75401,0.409397
23.75692,0.412751
23.75982,0.415821
23.76272,0.419101
23.76562,0.422812
23.76853,0.426563
23.77143,0.429613
23.77433,0.431410
23.77723,0.432068
23.78014,0.432528
23.78304,0.434075
23.78594,0.437852
23.78884,0.444155
23.79175,0.452133
23.79465,0.460134
23.79755,0.466505
23.80045,0.470374
23.80336,0.471884
23.80626,0.472053
23.80916,0.472117
23.81206,0.473144
23.81497,0.475632
23.81787,0.479463
23.82077,0.484060
23.82367,0.488639
23.82658,0.492518
23.82948,0.495527
23.83238,0.498030
23.83528,0.500449
23.83819,0.503181
23.84109,0.506321
23.84399,0.509648
23.84689,0.512934
23.84980,0.516131
23.85270,0.519131
23.85560,0.521293
23.85850,0.521167
23.86141,0.516411
23.86431,0.504641
23.86721,0.484695
23.87011,0.457675
23.87302,0.426868
23.87592,0.397140
23.87882,0.373706
23.88172,0.360132
23.88463,0.356553
23.88753,0.359541
23.89043,0.364290
23.89333,0.367152
23.89624,0.366809
23.89914,0.363982
23.90204,0.360410
23.90494,0.357766
23.90785,0.356958
23.91075,0.358445
23.91365,0.362609
23.91655,0.369780
23.91946,0.379997
23.92236,0.392980
23.92526,0.408056
23.92816,0.424268
23.93107,0.440379
23.93397,0.454897
23.93687,0.466400
23.93977,0.474065
23.94268,0.478096
23.94558,0.479497
23.94848,0.479200
23.95138,0.477431
23.95429,0.474315
23.95719,0.470457
23.96009,0.466874
23.96299,0.464532
23.96590,0.463901
23.96880,0.464765
23.97170,0.466028
23.97460,0.465897
23.97751,0.463095
23.98041,0.458200
23.98331,0.453376
23.98621,0.450628
23.98912,0.450720
23.99202,0.453256
23.99492,0.457565
23.99782,0.463149
24.00073,0.469874
24.00363,0.477626
24.00653,0.485937
24.00943,0.494022
24.01234,0.501355
24.01524,0.507857
24.01814,0.513597
24.02104,0.518366
24.02395,0.521520
24.02685,0.522249
24.02975,0.520253
24.03265,0.516069
24.03556,0.510383
24.03846,0.503689
24.04136,0.496598
24.04426,0.490018
24.04717,0.484617
24.05007,0.480614
24.05297,0.477781
24.05587,0.475594
24.05878,0.473517
24.06168,0.471494
24.06458,0.469932
24.06748,0.469268
24.07039,0.469503
24.07329,0.470159
24.07619,0.470878
24.07909,0.471899
24.08200,0.474049
24.08490,0.478148
24.08780,0.484400
24.09070,0.492144
24.09361,0.500122
24.09651,0.507024
24.09941,0.512097
24.10231,0.515582
24.10522,0.518509
24.10812,0.522046
24.11102,0.526675
24.11392,0.532104
24.11683,0.537428
24.11973,0.541558
24.12263,0.543838
24.12553,0.544456
24.12844,0.544388
24.13134,0.544882
24.13424,0.547011
24.13714,0.551056
24.14005,0.556171
24.14295,0.560419
24.14585,0.561507
24.14875,0.557778
24.15166,0.548829
24.15456,0.535587
24.15746,0.519797
24.16036,0.503558
24.16327,0.488481
24.16617,0.475072
24.16907,0.462444
24.17197,0.448622
24.17488,0.431588
24.17778,0.410494
24.18068,0.386616
24.18358,0.363462
24.18649,0.345950
24.18939,0.338278
24.19229,0.341650
24.19519,0.353692
24.19810,0.370244
24.20100,0.387469
24.20390,0.402904
24.20680,0.415609
24.20971,0.425536
24.21261,0.433146
24.21551,0.439018
24.21841,0.443791
24.22132,0.448182
24.22422,0.452810
24.22712,0.457857
24.23002,0.462911
24.23293,0.467251
24.23583,0.470144
24.23873,0.471205
24.24163,0.470483
24.24454,0.468308
24.24744,0.464859
24.25034,0.459920
24.25324,0.452774
24.25615,0.442351
24.25905,0.427847
24.26195,0.409245
24.26485,0.387552
24.26776,0.364979
24.27066,0.346204
24.27356,0.338718
24.27646,0.349556
24.27937,0.379570
24.28227,0.422290
24.28517,0.468675
24.28807,0.511340
24.29098,0.546091
24.29388,0.571682
24.29678,0.589203
24.29968,0.600926
24.30259,0.609231
24.30549,0.615774
24.30839,0.621093
24.31129,0.624800
24.31420,0.626399
24.31710,0.625702
24.32000,0.622957
24.32290,0.618665
24.32580,0.613575
24.32871,0.608697
24.33161,0.604908
24.33451,0.602655
24.33741,0.601864
24.34032,0.601929
24.34322,0.602116
24.34612,0.601562
24.34902,0.598809
24.35193,0.592564
24.35483,0.583142
24.35773,0.572709
24.36063,0.563369
24.36354,0.556007
24.36644,0.550443
24.36934,0.546098
24.37224,0.541700
24.37515,0.535331
24.37805,0.524446
24.38095,0.506216
24.38385,0.478582
24.38676,0.441531
24.38966,0.396981
24.39256,0.347873
24.39546,0.297578
24.39837,0.249703
24.40127,0.207930
24.40417,0.174980
24.40707,0.150897
24.40998,0.133131
24.41288,0.119457
24.41578,0.111314
24.41868,0.114575
24.42159,0.134424
24.42449,0.169721
24.42739,0.215485
24.43029,0.266463
24.43320,0.317727
24.43610,0.364832
24.43900,0.404459
24.44190,0.434996
24.44481,0.456416
24.44771,0.469617
24.45061,0.475920
24.45351,0.476799
24.45642,0.473682
24.45932,0.467711
24.46222,0.459654
24.46512,0.449816
24.46803,0.437996
24.47093,0.423387
24.47383,0.404505
24.47673,0.379718
24.47964,0.348186
24.48254,0.310470
24.48544,0.268405
24.48834,0.224663
24.49125,0.182224
24.49415,0.144020
24.49705,0.112641
24.49995,0.089749
24.50286,0.075234
24.50576,0.066997
24.50866,0.062219
24.51156,0.058923
24.51447,0.056533
24.51737,0.055852
24.52027,0.058507
24.52317,0.065694
24.52608,0.077433
24.52898,0.093430
24.53188,0.114145
24.53478,0.140719
24.53769,0.173901
24.54059,0.213177
24.54349,0.256664
24.54639,0.301830
24.54930,0.346303
24.55220,0.388110
24.55510,0.425465
24.55800,0.456076
24.56091,0.477309
24.56381,0.488111
24.56671,0.490784
24.56961,0.489770
24.57252,0.489355
24.57542,0.492290
24.57832,0.498938
24.58122,0.507558
24.58413,0.514857
24.58703,0.517587
24.58993,0.515076
24.59283,0.509126
24.59574,0.501883
24.59864,0.494886
24.60154,0.488962
24.60444,0.484121
24.60735,0.480099
24.61025,0.476988
24.61315,0.475354
24.61605,0.475801
24.61896,0.478488
24.62186,0.483098
24.62476,0.489206
24.62766,0.496395
24.63057,0.504163
24.63347,0.511799
24.63637,0.518423
24.63927,0.523705
24.64218,0.528177
24.64508,0.532371
24.64798,0.536004
24.65088,0.538407
24.65379,0.539404
24.65669,0.539266
24.65959,0.538461
24.66249,0.537611
24.66540,0.537335
24.66830,0.537822
24.67120,0.538588
24.67410,0.538503
24.67701,0.536152
24.67991,0.530282
24.68281,0.519803
24.68571,0.503632
24.68862,0.480567
24.69152,0.449655
24.69442,0.410875
24.69732,0.366097
24.70023,0.319828
24.70313,0.279698
24.70603,0.255474
24.70893,0.253314
24.71184,0.269523
24.71474,0.293900
24.71764,0.317539
24.72054,0.336005
24.72345,0.348912
24.72635,0.358403
24.72925,0.367218
24.73215,0.377010
24.73506,0.387559
24.73796,0.397193
24.74086,0.403905
24.74376,0.406724
24.74667,0.406199
24.74957,0.403516
24.75247,0.399218
24.75537,0.393137
24.75828,0.385011
24.76118,0.375028
24.76408,0.364167
24.76698,0.353649
24.76989,0.344050
24.77279,0.334541
24.77569,0.323163
24.77859,0.308062
24.78150,0.288520
24.78440,0.265248
24.78730,0.240216
24.79020,0.216109
24.79311,0.195726
24.79601,0.182118
24.79891,0.179068
24.80181,0.189436
24.80472,0.212653
24.80762,0.244769
24.81052,0.280842
24.81342,0.316789
24.81633,0.349962
24.81923,0.379271
24.82213,0.405166
24.82503,0.428747
24.82794,0.450727
24.83084,0.471077
24.83374,0.489011
24.83664,0.503568
24.83955,0.514455
24.84245,0.522467
24.84535,0.528583
24.84825,0.532876
24.85116,0.534493
24.85406,0.533062
24.85696,0.529579
24.85986,0.526034
24.86277,0.523952
24.86567,0.523523
24.86857,0.524104
24.87147,0.525274
24.87438,0.527083
24.87728,0.529625
24.88018,0.532786
24.88308,0.536218
24.88599,0.539629
24.88889,0.542918
24.89179,0.546504
24.89469,0.550723
24.89760,0.555294
24.90050,0.559712
24.90340,0.564055
24.90630,0.568503
24.90921,0.572403
24.91211,0.573998
24.91501,0.571211
24.91791,0.562777
24.92082,0.548601
24.92372,0.529037
24.92662,0.503909
24.92952,0.472349
24.93243,0.433366
24.93533,0.386970
24.93823,0.334954
24.94113,0.281131
24.94404,0.230268
24.94694,0.186590
24.94984,0.152923
24.95274,0.130436
24.95565,0.118633
24.95855,0.115867
24.96145,0.120453
24.96435,0.131537
24.96726,0.148665
24.97016,0.170589
24.97306,0.195261
24.97596,0.220264
24.97887,0.243263
24.98177,0.262699
24.98467,0.278219
24.98757,0.290498
24.99048,0.300721
24.99338,0.310138
24.99628,0.319297
24.99918,0.327647
25.00209,0.333950
25.00499,0.337258
25.00789,0.337450
25.01079,0.334765
25.01370,0.329397
25.01660,0.321409
25.01950,0.310562
25.02240,0.296654
25.02531,0.280197
25.02821,0.262254
25.03111,0.243991
25.03401,0.226640
25.03692,0.211671
25.03982,0.201062
25.04272,0.197197
25.04562,0.201834
25.04853,0.214914
25.05143,0.234711
25.05433,0.259061
25.05723,0.286416
25.06014,0.315959
25.06304,0.347334
25.06594,0.380271
25.06884,0.414080
25.07175,0.447376
25.07465,0.478328
25.07755,0.505125
25.08045,0.526494
25.08336,0.542393
25.08626,0.554054
25.08916,0.563198
25.09206,0.571413
25.09497,0.579584
25.09787,0.587321
25.10077,0.593302
25.10367,0.596478
25.10658,0.596977
25.10948,0.595553
25.11238,0.592737
25.11528,0.588686
25.11819,0.583889
25.12109,0.579366
25.12399,0.576345
25.12689,0.575728
25.12980,0.577654
25.13270,0.581571
25.13560,0.586921
25.13850,0.593430
25.14141,0.600787
25.14431,0.608228
25.14721,0.614077
25.15011,0.616469
25.15302,0.615025
25.15592,0.611425
25.15882,0.607347
25.16172,0.603091
25.16463,0.598197
25.16753,0.593123
25.17043,0.589436
25.17333,0.588950
25.17624,0.592827
25.17914,0.600979
25.18204,0.611904
25.18494,0.623257
25.18785,0.632746
25.19075,0.638968
25.19365,0.641578
25.19655,0.640240
25.19946,0.634016
25.20236,0.622043
25.20526,0.604909
25.20816,0.584971
25.21107,0.565442
25.21397,0.549274
25.21687,0.538314
25.21977,0.532836
25.22268,0.531280
25.22558,0.530707
25.22848,0.528160
25.23138,0.522181
25.23429,0.513177
25.23719,0.502462
25.24009,0.491146
25.24299,0.479518
25.24590,0.466959
25.24880,0.452219
25.25170,0.434607
25.25460,0.415109
25.25751,0.396243
25.26041,0.380658
25.26331,0.369781
25.26621,0.363391
25.26912,0.359798
25.27202,0.356945
25.27492,0.353961
25.27782,0.351762
25.28073,0.351966
25.28363,0.355775
25.28653,0.363466
25.28943,0.374326
25.29234,0.387028
25.29524,0.400502
25.29814,0.414838
25.30104,0.430973
25.30395,0.449784
25.30685,0.471366
25.30975,0.494961
25.31265,0.519038
25.31556,0.541809
25.31846,0.562027
25.32136,0.579233
25.32426,0.593405
25.32717,0.604483
25.33007,0.612246
25.33297,0.616283
25.33587,0.616880
25.33878,0.615690
25.34168,0.615332
25.34458,0.618149
25.34748,0.625233
25.35039,0.636107
25.35329,0.648744
25.35619,0.660212
25.35909,0.667678
25.36200,0.670045
25.36490,0.668858
25.36780,0.667233
25.37070,0.667914
25.37361,0.672177
25.37651,0.679712
25.37941,0.688706
25.38231,0.696502
25.38522,0.701042
25.38812,0.702421
25.39102,0.702272
25.39392,0.702083
25.39683,0.702056
25.39973,0.700952
25.40263,0.696739
25.40553,0.688006
25.40844,0.675765
25.41134,0.663120
25.41424,0.653096
25.41714,0.646868
25.42005,0.643679
25.42295,0.641587
25.42585,0.638318
25.42875,0.632630
25.43166,0.624968
25.43456,0.617108
25.43746,0.610808
25.44036,0.606809
25.44327,0.604562
25.44617,0.602812
25.44907,0.600406
25.45197,0.596762
25.45488,0.592104
25.45778,0.587371
25.46068,0.583748
25.46358,0.581871
25.46649,0.581702
25.46939,0.582714
25.47229,0.584345
25.47519,0.586257
25.47810,0.588225
25.48100,0.590031
25.48390,0.591481
25.48680,0.592388
25.48971,0.592369
25.49261,0.590899
25.49551,0.587459
25.49841,0.581473
25.50132,0.572780
25.50422,0.561733
25.50712,0.549238
25.51002,0.536669
25.51293,0.525352
25.51583,0.515931
25.51873,0.508422
25.52163,0.502399
25.52454,0.496641
25.52744,0.487525
25.53034,0.470380
25.53324,0.443919
25.53615,0.412854
25.53905,0.383567
25.54195,0.360407
25.54485,0.345288
25.54776,0.338576
25.55066,0.339855
25.55356,0.348246
25.55646,0.362309
25.55937,0.379711
25.56227,0.397159
25.56517,0.411683
25.56807,0.422749
25.57098,0.432451
25.57388,0.443586
25.57678,0.457702
25.57968,0.474707
25.58259,0.493296
25.58549,0.511211
25.58839,0.525943
25.59129,0.535977
25.59420,0.540315
25.59710,0.537264
25.60000,0.525919
25.60290,0.507444
25.60580,0.484108
25.60871,0.457997
25.61161,0.430464
25.61451,0.402249
25.61741,0.373755
25.62032,0.345267
25.62322,0.316928
25.62612,0.288705
25.62902,0.260434
25.63193,0.231967
25.63483,0.203430
25.63773,0.175533
25.64063,0.149598
25.64354,0.127200
25.64644,0.109361
25.64934,0.095885
25.65224,0.085490
25.65515,0.076760
25.65805,0.068841
25.66095,0.061405
25.66385,0.054512
25.66676,0.048450
25.66966,0.043702
25.67256,0.040762
25.67546,0.039713
25.67837,0.040059
25.68127,0.040970
25.68417,0.041691
25.68707,0.041808
25.68998,0.041282
25.69288,0.040437
25.69578,0.039823
25.69868,0.039955
25.70159,0.041120
25.70449,0.043288
25.70739,0.046255
25.71029,0.049902
25.71320,0.054156
25.71610,0.058834
25.71900,0.063711
25.72190,0.068638
25.72481,0.073532
25.72771,0.078382
25.73061,0.083254
25.73351,0.088316
25.73642,0.093697
25.73932,0.099268
25.74222,0.104638
25.74512,0.109425
25.74803,0.113426
25.75093,0.116729
25.75383,0.119765
25.75673,0.123105
25.75964,0.127108
25.76254,0.131697
25.76544,0.136422
25.76834,0.140654
25.77125,0.143872
25.77415,0.145872
25.77705,0.146891
25.77995,0.147496
25.78286,0.148209
25.78576,0.149334
25.78866,0.150973
25.79156,0.152998
25.79447,0.155150
25.79737,0.157279
25.80027,0.159414
25.80317,0.161685
25.80608,0.164474
25.80898,0.168533
25.81188,0.174456
25.81478,0.181927
25.81769,0.189656
25.82059,0.196041
25.82349,0.199990
25.82639,0.201278
25.82930,0.200565
25.83220,0.198966
25.83510,0.197317
25.83800,0.195743
25.84091,0.193548
25.84381,0.189592
25.84671,0.183016
25.84961,0.173878
25.85252,0.162978
25.85542,0.151270
25.85832,0.139607
25.86122,0.128746
25.86413,0.119382
25.86703,0.111968
25.86993,0.106514
25.87283,0.102701
25.87574,0.100316
25.87864,0.099274
25.88154,0.099186
25.88444,0.099216
25.88735,0.098368
25.89025,0.095914
25.89315,0.091613
25.89605,0.085592
25.89896,0.078228
25.90186,0.070079
25.90476,0.061704
25.90766,0.053512
25.91057,0.045881
25.91347,0.039230
25.91637,0.033912
25.91927,0.030072
25.92218,0.027528
25.92508,0.025874
25.92798,0.024727
25.93088,0.023883
25.93379,0.023297
25.93669,0.023407
25.93959,0.026798
25.94249,0.037559
25.94540,0.057023
25.94830,0.082409
25.95120,0.110012
25.95410,0.136347
25.95701,0.158998
25.95991,0.176841
25.96281,0.190773
25.96571,0.204221
25.96862,0.221971
25.97152,0.246107
25.97442,0.273375
25.97732,0.297561
25.98023,0.313583
25.98313,0.319595
25.98603,0.316939
25.98893,0.309707
25.99184,0.303008
25.99474,0.300610
25.99764,0.302609
26.00054,0.305611
26.00345,0.305060
26.00635,0.297819
26.00925,0.283986
26.01215,0.269027
26.01506,0.262367
26.01796,0.271246
26.02086,0.293885
26.02376,0.320157
26.02667,0.339159
26.02957,0.344985
26.03247,0.338404
26.03537,0.325971
26.03828,0.317414
26.04118,0.320085
26.04408,0.333007
26.04698,0.347457
26.04989,0.353801
26.05279,0.347473
26.05569,0.330597
26.05859,0.311467
26.06150,0.303445
26.06440,0.317919
26.06730,0.355266
26.07020,0.405913
26.07311,0.458948
26.07601,0.505990
26.07891,0.541934
26.08181,0.565511
26.08472,0.579029
26.08762,0.586992
26.09052,0.594347
26.09342,0.604621
26.09633,0.617949
26.09923,0.630581
26.10213,0.637728
26.10503,0.636781
26.10794,0.628168
26.11084,0.614594
26.11374,0.599740
26.11664,0.586669
26.11955,0.576477
26.12245,0.568976
26.12535,0.564280
26.12825,0.563046
26.13116,0.565714
26.13406,0.571849
26.13696,0.579623
26.13986,0.586141
26.14277,0.588401
26.14567,0.584748
26.14857,0.575777
26.15147,0.563855
26.15438,0.551733
26.15728,0.541302
26.16018,0.533166
26.16308,0.526874
26.16599,0.521809
26.16889,0.517835
26.17179,0.515263
26.17469,0.514309
26.17760,0.514838
26.18050,0.516345
26.18340,0.518066
26.18630,0.519158
26.18921,0.518938
26.19211,0.517456
26.19501,0.515508
26.19791,0.514175
26.20082,0.514203
26.20372,0.515926
26.20662,0.519300
26.20952,0.523857
26.21243,0.528931
26.21533,0.534000
26.21823,0.539069
26.22113,0.544770
26.22404,0.551959
26.22694,0.560917
26.22984,0.570901
26.23274,0.580224
26.23565,0.586664
26.23855,0.588356
26.24145,0.584610
26.24435,0.576200
26.24726,0.564624
26.25016,0.551260
26.25306,0.536657
26.25596,0.520417
26.25887,0.501949
26.26177,0.481157
26.26467,0.459001
26.26757,0.437384
26.27048,0.418582
26.27338,0.404761
26.27628,0.397649
26.27918,0.398010
26.28209,0.405246
26.28499,0.417909
26.28789,0.434163
26.29079,0.452068
26.29370,0.469590
26.29660,0.485143
26.29950,0.498085
26.30240,0.508723
26.30531,0.517856
26.30821,0.526126
26.31111,0.533589
26.31401,0.539777
26.31692,0.544077
26.31982,0.546202
26.32272,0.546087
26.32562,0.543786
26.32853,0.539921
26.33143,0.535672
26.33433,0.532338
26.33723,0.530837
26.34014,0.531707
26.34304,0.535057
26.34594,0.540239
26.34884,0.545457
26.35175,0.548336
26.35465,0.547705
26.35755,0.544502
26.36045,0.540325
26.36336,0.535841
26.36626,0.531065
26.36916,0.526447
26.37206,0.522932
26.37497,0.521338
26.37787,0.521781
26.38077,0.523484
26.38367,0.525342
26.38658,0.526997
26.38948,0.529462
26.39238,0.534271
26.39528,0.542126
26.39819,0.552121
26.40109,0.562057
26.40399,0.569662
26.40689,0.573918
26.40980,0.574595
26.41270,0.571490
26.41560,0.564691
26.41850,0.555090
26.42141,0.544129
26.42431,0.533354
26.42721,0.524164
26.43011,0.517583
26.43302,0.514186
26.43592,0.514097
26.43882,0.517157
26.44172,0.522842
26.44463,0.530092
26.44753,0.537091
26.45043,0.541640
26.45333,0.542038
26.45624,0.537999
26.45914,0.530742
26.46204,0.522233
26.46494,0.514364
26.46785,0.508549
26.47075,0.505606
26.47365,0.505512
26.47655,0.507585
26.47946,0.510949
26.48236,0.514873
26.48526,0.518704
26.48816,0.521791
26.49107,0.523219
26.49397,0.521744
26.49687,0.516143
26.49977,0.505910
26.50268,0.492218
26.50558,0.477829
26.50848,0.466070
26.51138,0.459283
26.51429,0.457952
26.51719,0.460735
26.52009,0.464995
26.52299,0.467980
26.52590,0.467881
26.52880,0.464127
26.53170,0.457337
26.53460,0.447958
26.53751,0.436303
26.54041,0.423760
26.54331,0.412701
26.54621,0.405521
26.54912,0.403525
26.55202,0.406644
26.55492,0.413796
26.55782,0.422960
26.56073,0.430995
26.56363,0.434585
26.56653,0.432705
26.56943,0.427837
26.57234,0.423987
26.57524,0.424006
26.57814,0.428216
26.58104,0.435001
26.58395,0.441275
26.58685,0.443364
26.58975,0.439207
26.59265,0.429691
26.59556,0.417600
26.59846,0.405782
26.60136,0.395890
26.60426,0.388129
26.60717,0.381925
26.61007,0.376518
26.61297,0.371274
26.61587,0.365637
26.61878,0.358846
26.62168,0.349913
26.62458,0.337848
26.62748,0.322014
26.63039,0.302383
26.63329,0.279485
26.63619,0.254312
26.63909,0.228167
26.64200,0.202187
26.64490,0.176811
26.64780,0.151972
26.65070,0.127745
26.65361,0.104801
26.65651,0.084243
26.65941,0.067128
26.66231,0.053936
26.66522,0.044173
26.66812,0.036827
26.67102,0.031202
26.67392,0.027014
26.67683,0.024243
26.67973,0.023008
26.68263,0.023257
26.68553,0.024689
26.68844,0.026980
26.69134,0.029868
26.69424,0.033114
26.69714,0.036542
26.70005,0.040072
26.70295,0.043772
26.70585,0.047715
26.70875,0.051825
26.71166,0.055857
26.71456,0.059498
26.71746,0.062529
26.72036,0.064884
26.72327,0.066627
26.72617,0.067947
26.72907,0.069167
26.73197,0.070696
26.73488,0.072806
26.73778,0.075508
26.74068,0.078596
26.74358,0.081807
26.74649,0.084988
26.74939,0.088103
26.75229,0.091153
26.75519,0.094109
26.75810,0.096868
26.76100,0.099322
26.76390,0.101563
26.76680,0.103996
26.76971,0.107132
26.77261,0.111479
26.77551,0.117561
26.77841,0.125412
26.78132,0.134263
26.78422,0.142617
26.78712,0.148763
26.79002,0.151479
26.79293,0.150478
26.79583,0.146386
26.79873,0.140505
26.80163,0.134539
26.80454,0.130115
26.80744,0.128191
26.81034,0.128724
26.81324,0.130886
26.81615,0.133774
26.81905,0.136816
26.82195,0.139874
26.82485,0.143432
26.82776,0.148084
26.83066,0.154019
26.83356,0.160775
26.83646,0.167366
26.83937,0.172685
26.84227,0.176020
26.84517,0.177243
26.84807,0.176544
26.85098,0.174290
26.85388,0.171023
26.85678,0.167217
26.85968,0.162953
26.86259,0.157898
26.86549,0.151766
26.86839,0.144837
26.87129,0.137891
26.87420,0.131936
26.87710,0.127664
26.88000,0.124858
26.88290,0.122412
26.88580,0.118983
26.88871,0.113646
26.89161,0.106204
26.89451,0.097063
26.89741,0.086967
26.90032,0.076813
26.90322,0.067435
26.90612,0.059229
26.90902,0.052097
26.91193,0.045811
26.91483,0.040248
26.91773,0.035600
26.92063,0.032282
26.92354,0.030537
26.92644,0.030212
26.92934,0.030913
26.93224,0.032374
26.93515,0.034628
26.93805,0.037936
26.94095,0.042486
26.94385,0.048366
26.94676,0.055509
26.94966,0.063454
26.95256,0.071484
26.95546,0.078955
26.95837,0.085460
26.96127,0.090960
26.96417,0.095877
26.96707,0.100976
26.96998,0.106892
26.97288,0.113920
26.97578,0.122390
26.97868,0.133274
26.98159,0.148104
26.98449,0.168102
26.98739,0.193403
26.99029,0.222852
26.99320,0.254434
26.99610,0.285847
26.99900,0.314805
27.00190,0.340184
27.00481,0.363771
27.00771,0.389973
27.01061,0.423169
27.01351,0.464993
27.01642,0.513032
27.01932,0.560655
27.02222,0.599523
27.02512,0.624264
27.02803,0.634901
27.03093,0.634947
27.03383,0.628673
27.03673,0.619559
27.03964,0.609928
27.04254,0.601186
27.04544,0.594352
27.04834,0.590164
27.05125,0.588723
27.05415,0.589278
27.05705,0.590473
27.05995,0.590964
27.06286,0.590018
27.06576,0.587805
27.06866,0.584614
27.07156,0.580126
27.07447,0.573128
27.07737,0.561552
27.08027,0.543120
27.08317,0.516606
27.08608,0.482789
27.08898,0.444673
27.09188,0.407228
27.09478,0.376572
27.09769,0.357799
27.10059,0.352094
27.10349,0.355949
27.10639,0.363841
27.10930,0.371456
27.11220,0.377008
27.11510,0.380789
27.11800,0.384116
27.12091,0.388364
27.12381,0.394260
27.12671,0.401786
27.12961,0.410405
27.13252,0.419486
27.13542,0.428745
27.13832,0.438318
27.14122,0.448299
27.14413,0.458206
27.14703,0.466782
27.14993,0.472600
27.15283,0.474988
27.15574,0.474552
27.15864,0.472576
27.16154,0.470187
27.16444,0.468214
27.16735,0.467354
27.17025,0.468058
27.17315,0.470308
27.17605,0.473515
27.17896,0.476538
27.18186,0.477959
27.18476,0.476578
27.18766,0.472084
27.19057,0.465367
27.19347,0.458175
27.19637,0.452185
27.19927,0.448269
27.20218,0.446354
27.20508,0.445649
27.20798,0.445110
27.21088,0.444178
27.21379,0.443367
27.21669,0.444229
27.21959,0.448708
27.22249,0.458052
27.22540,0.472134
27.22830,0.489590
27.23120,0.508597
27.23410,0.527786
27.23701,0.546273
27.23991,0.563203
27.24281,0.577310
27.24571,0.586674
27.24862,0.589176
27.25152,0.583814
27.25442,0.571819
27.25732,0.556348
27.26023,0.541133
27.26313,0.528864
27.26603,0.520230
27.26893,0.514087
27.27184,0.509208
27.27474,0.506219
27.27764,0.508250
27.28054,0.519226
27.28345,0.540973
27.28635,0.571512
27.28925,0.605276
27.29215,0.635240
27.29506,0.655913
27.29796,0.665614
27.30086,0.666280
27.30376,0.661602
27.30667,0.654947
27.30957,0.648134
27.31247,0.641274
27.31537,0.633632
27.31828,0.624825
27.32118,0.615394
27.32408,0.606457
27.32698,0.598787
27.32989,0.592539
27.33279,0.587318
27.33569,0.582287
27.33859,0.576715
27.34150,0.570463
27.34440,0.563757
27.34730,0.556828
27.35020,0.549742
27.35311,0.542355
27.35601,0.534521
27.35891,0.526509
27.36181,0.519316
27.36472,0.514530
27.36762,0.513362
27.37052,0.515894
27.37342,0.520995
27.37633,0.526790
27.37923,0.531191
27.38213,0.532670
27.38503,0.531041
27.38794,0.527680
27.39084,0.524804
27.39374,0.524264
27.39664,0.526538
27.39955,0.530282
27.40245,0.532739
27.40535,0.530835
27.40825,0.522838
27.41116,0.509390
27.41406,0.492954
27.41696,0.476366
27.41986,0.461409
27.42277,0.448270
27.42567,0.435455
27.42857,0.420542
27.43147,0.401591
27.43438,0.378621
27.43728,0.354160
27.44018,0.332797
27.44308,0.319576
27.44599,0.317505
27.44889,0.325756
27.45179,0.339974
27.45469,0.355168
27.45760,0.368674
27.46050,0.380604
27.46340,0.392653
27.46630,0.406249
27.46921,0.421303
27.47211,0.436751
27.47501,0.452319
27.47791,0.469182
27.48082,0.489236
27.48372,0.513591
27.48662,0.540975
27.48952,0.567421
27.49243,0.587422
27.49533,0.595696
27.49823,0.589313
27.50113,0.568848
27.50404,0.537913
27.50694,0.502293
27.50984,0.468427
27.51274,0.441838
27.51565,0.425404
27.51855,0.417898
27.52145,0.414767
27.52435,0.410418
27.52726,0.398947
27.53016,0.376652
27.53306,0.344219
27.53596,0.306638
27.53887,0.269237
27.54177,0.235375
27.54467,0.207262
27.54757,0.188190
27.55048,0.184009
27.55338,0.200922
27.55628,0.239948
27.55918,0.294484
27.56209,0.351819
27.56499,0.398649
27.56789,0.429779
27.57079,0.448028
27.57370,0.457862
27.57660,0.461762
27.57950,0.460567
27.58240,0.454014
27.58531,0.441572
27.58821,0.424296
27.59111,0.405558
27.59401,0.388626
27.59692,0.374398
27.59982,0.361744
27.60272,0.348918
27.60562,0.334839
27.60853,0.319991
27.61143,0.306382
27.61433,0.296740
27.61723,0.293081
27.62014,0.295280
27.62304,0.300884
27.62594,0.306583
27.62884,0.310173
27.63175,0.311355
27.63465,0.311299
27.63755,0.311850
27.64045,0.314527
27.64336,0.319525
27.64626,0.325802
27.64916,0.331919
27.65206,0.336943
27.65497,0.340777
27.65787,0.343809
27.66077,0.346048
27.66367,0.347189
27.66658,0.347195
27.66948,0.346740
27.67238,0.346760
27.67528,0.347938
27.67819,0.350324
27.68109,0.353342
27.68399,0.356146
27.68689,0.358244
27.68980,0.359893
27.69270,0.361861
27.69560,0.364908
27.69850,0.368984
27.70141,0.372817
27.70431,0.374342
27.70721,0.372207
27.71011,0.366615
27.71302,0.358710
27.71592,0.349681
27.71882,0.340330
27.72172,0.330707
27.72463,0.319845
27.72753,0.306064
27.73043,0.287775
27.73333,0.264296
27.73624,0.236073
27.73914,0.204500
27.74204,0.171484
27.74494,0.138983
27.74785,0.108845
27.75075,0.082854
27.75365,0.062902
27.75655,0.051240
27.75946,0.050139
27.76236,0.058982
27.76526,0.074572
27.76816,0.094188
27.77107,0.115412
27.77397,0.135543
27.77687,0.151975
27.77977,0.162883
27.78268,0.167457
27.78558,0.165929
27.78848,0.160037
27.79138,0.154865
27.79429,0.160025
27.79719,0.184444
27.80009,0.227828
27.80299,0.282585
27.80590,0.340893
27.80880,0.397195
27.81170,0.448091
27.81460,0.491697
27.81751,0.527425
27.82041,0.555765
27.82331,0.577864
27.82621,0.595097
27.82912,0.608932
27.83202,0.621046
27.83492,0.632753
27.83782,0.644622
27.84073,0.656256
27.84363,0.666593
27.84653,0.674594
27.84943,0.679677
27.85234,0.681600
27.85524,0.679709
27.85814,0.672503
27.86104,0.657601
27.86395,0.632685
27.86685,0.596533
27.86975,0.549610
27.87265,0.493733
27.87556,0.431651
27.87846,0.366708
27.88136,0.302556
27.88426,0.243049
27.88717,0.191534
27.89007,0.150003
27.89297,0.118768
27.89587,0.097241
27.89878,0.085351
27.90168,0.083312
27.90458,0.089458
27.90748,0.100243
27.91039,0.112701
27.91329,0.125742
27.91619,0.140019
27.91909,0.157332
27.92200,0.179872
27.92490,0.209300
27.92780,0.246179
27.93070,0.289759
27.93361,0.337876
27.93651,0.386401
27.93941,0.429204
27.94231,0.459599
27.94522,0.472092
27.94812,0.463213
27.95102,0.431956
27.95392,0.380758
27.95683,0.315517
27.95973,0.244242
27.96263,0.175336
27.96553,0.116388
27.96844,0.073558
27.97134,0.049984
27.97424,0.042000
27.97714,0.042863
27.98005,0.051236
27.98295,0.074821
27.98585,0.121627
27.98875,0.189205
27.99166,0.270169
27.99456,0.355684
27.99746,0.436814
28.00036,0.506209
28.00327,0.559466
28.00617,0.595679
28.00907,0.617474
28.01197,0.630604
28.01488,0.642167
28.01778,0.657661
28.02068,0.678721
28.02358,0.703018
28.02649,0.726482
28.02939,0.745678
28.03229,0.758851
28.03519,0.765265
28.03810,0.764845
28.04100,0.758631
28.04390,0.748975
28.04680,0.738166
28.04971,0.727399
28.05261,0.716589
28.05551,0.704835
28.05841,0.691301
28.06132,0.676299
28.06422,0.661386
28.06712,0.648377
28.07002,0.638266
28.07293,0.630803
28.07583,0.625173
28.07873,0.620772
28.08163,0.617834
28.08454,0.616978
28.08744,0.618403
28.09034,0.621553
28.09324,0.625449
28.09615,0.629188
28.09905,0.632344
28.10195,0.635325
28.10485,0.639234
28.10776,0.645218
28.11066,0.653562
28.11356,0.663645
28.11646,0.674168
28.11937,0.683573
28.12227,0.690790
28.12517,0.695800
28.12807,0.699582
28.13098,0.703408
28.13388,0.708274
28.13678,0.714321
28.13968,0.720668
28.14259,0.725910
28.14549,0.729086
28.14839,0.730414
28.15129,0.731080
28.15420,0.732566
28.15710,0.735486
28.16000,0.739356
28.16290,0.742806
28.16580,0.744669
28.16871,0.744881
28.17161,0.744315
28.17451,0.744073
28.17741,0.744818
28.18032,0.746680
28.18322,0.749197
28.18612,0.751734
28.18902,0.753744
28.19193,0.754975
28.19483,0.755452
28.19773,0.755361
28.20063,0.754635
28.20354,0.752811
28.20644,0.749264
28.20934,0.743220
28.21224,0.734176
28.21515,0.722023
28.21805,0.706989
28.22095,0.689510
28.22385,0.669996
28.22676,0.648586
28.22966,0.625047
28.23256,0.599160
28.23546,0.571040
28.23837,0.541597
28.24127,0.512443
28.24417,0.485287
28.24707,0.460942
28.24998,0.438662
28.25288,0.416118
28.25578,0.390018
28.25868,0.357583
28.26159,0.317815
28.26449,0.272045
28.26739,0.223347
28.27029,0.175588
28.27320,0.132899
28.27610,0.099405
28.27900,0.078197
28.28190,0.068984
28.28481,0.067981
28.28771,0.073122
28.29061,0.086757
28.29351,0.112003
28.29642,0.149074
28.29932,0.195572
28.30222,0.247888
28.30512,0.302080
28.30803,0.354244
28.31093,0.400509
28.31383,0.437318
28.31673,0.462390
28.31964,0.475809
28.32254,0.480018
28.32544,0.478761
28.32834,0.475798
28.33125,0.473896
28.33415,0.474499
28.33705,0.478045
28.33995,0.484442
28.34286,0.493720
28.34576,0.506115
28.34866,0.521196
28.35156,0.537699
28.35447,0.554255
28.35737,0.570232
28.36027,0.585103
28.36317,0.597977
28.36608,0.608011
28.36898,0.615345
28.37188,0.620815
28.37478,0.625542
28.37769,0.630376
28.38059,0.635468
28.38349,0.640411
28.38639,0.645052
28.38930,0.649493
28.39220,0.653094
28.39510,0.653870
28.39800,0.648498
28.40091,0.633633
28.40381,0.607976
28.40671,0.572982
28.40961,0.531184
28.41252,0.485142
28.41542,0.437691
28.41832,0.391926
28.42122,0.349944
28.42413,0.312728
28.42703,0.281056
28.42993,0.256335
28.43283,0.240564
28.43574,0.235436
28.43864,0.241235
28.44154,0.256050
28.44444,0.276340
28.44735,0.297884
28.45025,0.316856
28.45315,0.330928
28.45605,0.339991
28.45896,0.345774
28.46186,0.350910
28.46476,0.357703
28.46766,0.367011
28.47057,0.377674
28.47347,0.386693
28.47637,0.390772
28.47927,0.388353
28.48218,0.380581
28.48508,0.370625
28.48798,0.362117
28.49088,0.357596
28.49379,0.357695
28.49669,0.361400
28.49959,0.366717
28.50249,0.371445
28.50540,0.374242
28.50830,0.374906
28.51120,0.373722
28.51410,0.370799
28.51701,0.365821
28.51991,0.358568
28.52281,0.349288
28.52571,0.338482
28.52862,0.326478
28.53152,0.313142
28.53442,0.297717
28.53732,0.279086
28.54023,0.256851
28.54313,0.231639
28.54603,0.205055
28.54893,0.179779
28.55184,0.159882
28.55474,0.151668
28.55764,0.161811
28.56054,0.191128
28.56345,0.233120
28.56635,0.279686
28.56925,0.325383
28.57215,0.367766
28.57506,0.405983
28.57796,0.438745
28.58086,0.463375
28.58376,0.476168
28.58667,0.474293
28.58957,0.458723
28.59247,0.434405
28.59537,0.407639
28.59828,0.384142
28.60118,0.367802
28.60408,0.359627
28.60698,0.358013
28.60989,0.360344
28.61279,0.364658
28.61569,0.370303
28.61859,0.377398
28.62150,0.386071
28.62440,0.396215
28.62730,0.407539
28.63020,0.419575
28.63311,0.431554
28.63601,0.442394
28.63891,0.451301
28.64181,0.458242
28.64472,0.463358
28.64762,0.466427
28.65052,0.467127
28.65342,0.465704
28.65633,0.462967
28.65923,0.460022
28.66213,0.457886
28.66503,0.456947
28.66794,0.456440
28.67084,0.454468
28.67374,0.448609
28.67664,0.436954
28.67955,0.419078
28.68245,0.396371
28.68535,0.371812
28.68825,0.349564
28.69116,0.334411
28.69406,0.330422
28.69696,0.338777
28.69986,0.356659
28.70277,0.379127
28.70567,0.402287
28.70857,0.424411
28.71147,0.445156
28.71438,0.464484
28.71728,0.481817
28.72018,0.495826
28.72308,0.504667
28.72599,0.506740
28.72889,0.501774
28.73179,0.491725
28.73469,0.480299
28.73760,0.471275
28.74050,0.466593
28.74340,0.466043
28.74630,0.468005
28.74921,0.470214
28.75211,0.470833
28.75501,0.469926
28.75791,0.469615
28.76082,0.472527
28.76372,0.480801
28.76662,0.494264
28.76952,0.509912
28.77243,0.522957
28.77533,0.528358
28.77823,0.522346
28.78113,0.503495
28.78404,0.472924
28.78694,0.433877
28.78984,0.390701
28.79274,0.347613
28.79565,0.308282
28.79855,0.275972
28.80145,0.253974
28.80435,0.246565
28.80726,0.257764
28.81016,0.287049
28.81306,0.329177
28.81596,0.377260
28.81887,0.424933
28.82177,0.467610
28.82467,0.502830
28.82757,0.529705
28.83048,0.548460
28.83338,0.559806
28.83628,0.564686
28.83918,0.564553
28.84209,0.561692
28.84499,0.558368
28.84789,0.555548
28.85079,0.552500
28.85370,0.547888
28.85660,0.540794
28.85950,0.530846
28.86240,0.517351
28.86531,0.498931
28.86821,0.474556
28.87111,0.444940
28.87401,0.412806
28.87692,0.382036
28.87982,0.356605
28.88272,0.339312
28.88562,0.330812
28.88853,0.329421
28.89143,0.332297
28.89433,0.336664
28.89723,0.340570
28.90014,0.343285
28.90304,0.345311
28.90594,0.347639
28.90884,0.350930
28.91175,0.355081
28.91465,0.359438
28.91755,0.363517
28.92045,0.367431
28.92336,0.371739
28.92626,0.376877
28.92916,0.382778
28.93206,0.388735
28.93497,0.393734
28.93787,0.396966
28.94077,0.398571
28.94367,0.399679
28.94658,0.401446
28.94948,0.404225
28.95238,0.407931
28.95528,0.412729
28.95819,0.419001
28.96109,0.426923
28.96399,0.436202
28.96689,0.446262
28.96980,0.456590
28.97270,0.466843
28.97560,0.476680
28.97850,0.485725
28.98141,0.494069
28.98431,0.502378
28.98721,0.511398
28.99011,0.521184
28.99302,0.530873
28.99592,0.538599
28.99882,0.541777
29.00172,0.538481
29.00463,0.529049
29.00753,0.516217
29.01043,0.503486
29.01333,0.493424
29.01624,0.486498
29.01914,0.480743
29.02204,0.473254
29.02494,0.462958
29.02785,0.451936
29.03075,0.444618
29.03365,0.445555
29.03655,0.456718
29.03946,0.476382
29.04236,0.500084
29.04526,0.522906
29.04816,0.541336
29.05107,0.553912
29.05397,0.560955
29.05687,0.563943
29.05977,0.564623
29.06268,0.564585
29.06558,0.565182
29.06848,0.567014
29.07138,0.569480
29.07429,0.571073
29.07719,0.569780
29.08009,0.563680
29.08299,0.552067
29.08590,0.535861
29.08880,0.516916
29.09170,0.497450
29.09460,0.479463
29.09751,0.463820
29.10041,0.450082
29.10331,0.437539
29.10621,0.426350
29.10912,0.417419
29.11202,0.411678
29.11492,0.409562
29.11782,0.410881
29.12073,0.414798
29.12363,0.420188
29.12653,0.426068
29.12943,0.431649
29.13234,0.436399
29.13524,0.440229
29.13814,0.443340
29.14104,0.445796
29.14395,0.447369
29.14685,0.447341
29.14975,0.444989
29.15265,0.440790
29.15556,0.436769
29.15846,0.434727
29.16136,0.434886
29.16426,0.436159
29.16717,0.437451
29.17007,0.438332
29.17297,0.439005
29.17587,0.439850
29.17878,0.440743
29.18168,0.440613
29.18458,0.437564
29.18748,0.429530
29.19039,0.415274
29.19329,0.395187
29.19619,0.370895
29.19909,0.344412
29.20200,0.317628
29.20490,0.291988
29.20780,0.267930
29.21070,0.244631
29.21361,0.220842
29.21651,0.196123
29.21941,0.171488
29.22231,0.149150
29.22522,0.131375
29.22812,0.118846
29.23102,0.110058
29.23392,0.102727
29.23683,0.095390
29.23973,0.087617
29.24263,0.079617
29.24553,0.071901
29.24844,0.065032
29.25134,0.059498
29.25424,0.055651
29.25714,0.053681
29.26005,0.053568
29.26295,0.054919
29.26585,0.057068
29.26875,0.059224
29.27166,0.060618
29.27456,0.060894
29.27746,0.060257
29.28036,0.059223
29.28327,0.058689
29.28617,0.060552
29.28907,0.068343
29.29197,0.085789
29.29488,0.114547
29.29778,0.153991
29.30068,0.202309
29.30358,0.257073
29.30649,0.315477
29.30939,0.374256
29.31229,0.429509
29.31519,0.477363
29.31810,0.515588
29.32100,0.544770
29.32390,0.567988
29.32680,0.589146
29.32971,0.611127
29.33261,0.634129
29.33551,0.655948
29.33841,0.673807
29.34132,0.686165
29.34422,0.693538
29.34712,0.698052
29.35002,0.702252
29.35293,0.707402
29.35583,0.712556
29.35873,0.714962
29.36163,0.712147
29.36454,0.704059
29.36744,0.692942
29.37034,0.681530
29.37324,0.671452
29.37615,0.662644
29.37905,0.653243
29.38195,0.640491
29.38485,0.622761
29.38776,0.601546
29.39066,0.580588
29.39356,0.563347
29.39646,0.551308
29.39937,0.543567
29.40227,0.537478
29.40517,0.529963
29.40807,0.519588
29.41098,0.507422
29.41388,0.495923
29.41678,0.487237
29.41968,0.482341
29.42259,0.480864
29.42549,0.481294
29.42839,0.481996
29.43129,0.482040
29.43420,0.481421
29.43710,0.480590
29.44000,0.479996
29.44290,0.479681
29.44580,0.479186
29.44871,0.477823
29.45161,0.475027
29.45451,0.470645
29.45741,0.464995
29.46032,0.458747
29.46322,0.452481
29.46612,0.446481
29.46902,0.440768
29.47193,0.435320
29.47483,0.430290
29.47773,0.425943
29.48063,0.422514
29.48354,0.420196
29.48644,0.419161
29.48934,0.419312
29.49224,0.420082
29.49515,0.420447
29.49805,0.419036
29.50095,0.414906
29.50385,0.407920
29.50676,0.398790
29.50966,0.388958
29.51256,0.380112
29.51546,0.373538
29.51837,0.369840
29.52127,0.368940
29.52417,0.369770
29.52707,0.369085
29.52998,0.362191
29.53288,0.346346
29.53578,0.324308
29.53868,0.301323
29.54159,0.281401
29.54449,0.266666
29.54739,0.258039
29.55029,0.255865
29.55320,0.260140
29.55610,0.270253
29.55900,0.284430
29.56190,0.299348
29.56481,0.311147
29.56771,0.317941
29.57061,0.320956
29.57351,0.322941
29.57642,0.325850
29.57932,0.330004
29.58222,0.334434
29.58512,0.337583
29.58803,0.338210
29.59093,0.336464
29.59383,0.333355
29.59673,0.329275
29.59964,0.324110
29.60254,0.318099
29.60544,0.311717
29.60834,0.305499
29.61125,0.300028
29.61415,0.296010
29.61705,0.294203
29.61995,0.295164
29.62286,0.298876
29.62576,0.304596
29.62866,0.311044
29.63156,0.316836
29.63447,0.320758
29.63737,0.322015
29.64027,0.320544
29.64317,0.316930
29.64608,0.311617
29.64898,0.304397
29.65188,0.294841
29.65478,0.282879
29.65769,0.268441
29.66059,0.250824
29.66349,0.229305
29.66639,0.203953
29.66930,0.175884
29.67220,0.146888
29.67510,0.118996
29.67800,0.094125
29.68091,0.073918
29.68381,0.059439
29.68671,0.050573
29.68961,0.045850
29.69252,0.043455
29.69542,0.042188
29.69832,0.041402
29.70122,0.040552
29.70413,0.039124
29.70703,0.036885
29.70993,0.034155
29.71283,0.031842
29.71574,0.031055
29.71864,0.032444
29.72154,0.035802
29.72444,0.040405
29.72735,0.045587
29.73025,0.051030
29.73315,0.056800
29.73605,0.063074
29.73896,0.069937
29.74186,0.077288
29.74476,0.084827
29.74766,0.092134
29.75057,0.098799
29.75347,0.104581
29.75637,0.109593
29.75927,0.114459
29.76218,0.120035
29.76508,0.126826
29.76798,0.134533
29.77088,0.142147
29.77379,0.148439
29.77669,0.152525
29.77959,0.154192
29.78249,0.154076
29.78540,0.153505
29.78830,0.153844
29.79120,0.155741
29.79410,0.158699
29.79701,0.161438
29.79991,0.162837
29.80281,0.162576
29.80571,0.161270
29.80862,0.160141
29.81152,0.160367
29.81442,0.162424
29.81732,0.166012
29.82023,0.170587
29.82313,0.175703
29.82603,0.181083
29.82893,0.186522
29.83184,0.191688
29.83474,0.195897
29.83764,0.198511
29.84054,0.199459
29.84345,0.199356
29.84635,0.199247
29.84925,0.200078
29.85215,0.201841
29.85506,0.203360
29.85796,0.203023
29.86086,0.199770
29.86376,0.193686
29.86667,0.185828
29.86957,0.177936
29.87247,0.171769
29.87537,0.168311
29.87828,0.167211
29.88118,0.167035
29.88408,0.166048
29.88698,0.162839
29.88989,0.156742
29.89279,0.147805
29.89569,0.136582
29.89859,0.124082
29.90150,0.111778
29.90440,0.101281
29.90730,0.093540
29.91020,0.088458
29.91311,0.085130
29.91601,0.082283
29.91891,0.078803
29.92181,0.074005
29.92472,0.067662
29.92762,0.059986
29.93052,0.051467
29.93342,0.042723
29.93633,0.034488
29.93923,0.027590
29.94213,0.022571
29.94503,0.019316
29.94794,0.017364
29.95084,0.016371
29.95374,0.016071
29.95664,0.016216
29.95955,0.016662
29.96245,0.017424
29.96535,0.018596
29.96825,0.020289
29.97116,0.022683
29.97406,0.026164
29.97696,0.031003
29.97986,0.036941
29.98277,0.043305
29.98567,0.049354
29.98857,0.054493
29.99147,0.058359
29.99438,0.060901
29.99728,0.062273
30.00018,0.062692
